Close,High,Low,Open,MA_5,MA_15,MA_10,MA_20,MA_25,MA_30,Return_Ratio,Percentage_Change_Open,Percentage_Change_High,Percentage_Change_Low,Sector_Encoded,VADER Sentiment Score,label_5d,label_10d,label_20d
818.6016845703125,819.5927877514638,804.2802315042493,812.704608544035,0.0,0.0,0.0,0.0,0.0,0.0,0.0,-0.0072038405703659,0.0012107270236947,-0.0174950202717706,5.0,0.25305,,,
823.5572509765625,826.5801037660076,815.1824164838624,818.6017347669342,0.0,0.0,0.0,0.0,0.0,0.0,0.0060536968096409,-0.0060172091299689,0.0036704828788292,-0.0101690981200994,5.0,0.25305,,,
802.05029296875,825.3907620558814,798.4823455194062,823.6067883312095,0.0,0.0,0.0,0.0,0.0,0.0,-0.0261147090652287,0.0268767377201113,0.0291010043780892,-0.004448533315956,5.0,0.25305,,,
799.1760864257812,804.9740767697332,792.9321480102608,800.3654224316284,0.0,0.0,0.0,0.0,0.0,0.0,-0.0035835739580993,0.0014882026953113,0.0072549597547177,-0.007812969533968,5.0,0.25305,,,
798.3336181640625,804.3793234157496,796.846963381634,801.6042465869774,808.3437866210937,0.0,0.0,0.0,0.0,0.0,-0.0010541710094036,0.0040968191098307,0.0075729057553537,-0.0018621973929237,5.0,0.25305,,,
802.7440795898438,806.4607167317572,798.6309769559365,799.2256751939271,805.172265625,0.0,0.0,0.0,0.0,0.0,0.0055245843660248,-0.0043829714667149,0.0046299153570992,-0.0051238031378678,5.0,0.25305,1.0,,
795.0630493164062,804.5776164400337,793.5268513578816,802.7936426658713,799.4734252929687,0.0,0.0,0.0,0.0,0.0,-0.0095684670478816,0.0097232456672609,0.0119670598851349,-0.001932171240816,5.0,0.25305,0.0,,
782.5751342773438,795.8559425719146,778.4125488493878,795.0630720376441,795.5783935546875,0.0,0.0,0.0,0.0,0.0,-0.0157068235655016,0.015957493681207,0.0169706494787045,-0.0053190872615698,5.0,0.25305,0.0,,
773.1100463867188,783.9626386279738,771.0782969058959,782.9715354185831,790.365185546875,0.0,0.0,0.0,0.0,0.0,-0.0120947976444017,0.0127556084388684,0.0140375775634746,-0.0026280210564054,5.0,0.25305,0.0,,
769.8394165039062,775.8355788114632,762.2079097069525,775.8355788114632,784.6663452148438,796.5050659179688,0.0,0.0,0.0,0.0,-0.0042304842604211,0.0077888481402881,0.0077888481402881,-0.0099131151683696,5.0,0.25305,0.0,,
771.0783081054688,776.5293758362915,769.0961016578968,771.9703252037322,778.3331909179688,791.7527282714843,0.0,0.0,0.0,0.0,0.001609285748434,0.0011568437198747,0.0070694087403599,-0.0025706940874036,5.0,0.25305,1.0,1.0,
749.8191528320312,770.979243547071,745.1114123873552,770.979243547071,769.2844116210938,784.3789184570312,0.0,0.0,0.0,0.0,-0.027570682575251,0.0282202590252851,0.0282202590252851,-0.0062785011917808,5.0,0.25305,0.0,0.0,
738.3223876953125,754.5764449093751,730.6413374088827,752.247376438734,760.4338623046875,778.0061279296875,0.0,0.0,0.0,0.0,-0.0153327173536392,0.0188603095009602,0.0220148508090076,-0.0104033826068938,5.0,0.25305,0.0,0.0,
768.0554809570312,771.0783337918485,738.2728401885637,741.1965464024155,759.42294921875,774.8940673828125,0.0,0.0,0.0,0.0,0.0402711522191967,-0.0349700447696152,0.0039357219755149,-0.0387766789078272,5.0,0.25305,1.0,1.0,
795.509033203125,798.829204832807,770.2854438553235,771.5243228950766,764.5568725585938,774.6116088867187,785.8556681315105,0.0,0.0,0.0,0.0357442306275653,-0.0301501419933268,0.0041736441587763,-0.0317074832528783,5.0,0.25305,1.0,1.0,
787.5305786132812,808.6906682309863,777.0249088889343,796.3514212911463,767.8473266601562,773.0902587890625,783.7842610677084,0.0,0.0,0.0,-0.0100293701979956,0.011200635146634,0.0268689117506581,-0.0133400149907141,5.0,0.25305,0.0,0.0,
814.2408447265625,816.6690597331778,783.5661877267487,786.935962898232,780.7316650390625,775.0080383300781,783.1631673177084,0.0,0.0,0.0,0.0339164812626245,-0.033534158848909,0.0029821827562959,-0.0376727072812405,5.0,0.25305,1.0,1.0,
805.7669677734375,819.0477759409764,801.5547788275123,817.6602071501671,794.2205810546875,777.3272216796875,783.4109456380208,0.0,0.0,0.0,-0.0104070890179559,0.014760147601476,0.0164821948512452,-0.0052275522755228,5.0,0.25305,0.0,0.0,
819.3450317382812,821.6245570115381,797.9371662132642,801.8024929099328,804.4784912109375,781.9507202148437,784.7555419921875,0.0,0.0,0.0,0.0168511052300441,-0.02141044144874,0.0027821310741589,-0.0261280226226541,5.0,0.25305,1.0,1.0,
807.9473876953125,823.9041259458426,798.8787686914003,821.6246005517871,806.966162109375,785.7615173339843,785.3964599609375,791.1332916259765,0.0,0.0,-0.0139106769449594,0.0169283459106033,0.0197497244171394,-0.0112242692309219,5.0,0.25305,0.0,0.0,
820.0388793945312,824.9943958025423,802.0998737022448,808.7402777874084,813.467822265625,790.6575744628906,786.5494466145833,791.2051513671875,0.0,0.0,0.0149656919291613,-0.0137781291729301,0.0060430261692834,-0.0218757989932519,5.0,0.25305,1.0,1.0,1.0
817.214111328125,824.597842084642,804.7757785729921,817.5114301823724,814.0624755859375,797.3970703125,788.0261840820312,790.8879943847656,0.0,0.0,-0.003444675779875,0.0003638200199016,0.0090352462765443,-0.0152204086820262,5.0,0.25305,0.0,0.0,0.0
842.2890625,849.078155974638,788.9181773379981,792.8825902894454,821.36689453125,807.7937377929687,792.0071126302083,792.8999328613281,0.0,0.0,0.0306834534845752,-0.0586573830887833,0.0080602892485475,-0.0633640961733393,5.0,0.3445249999999999,1.0,1.0,1.0
841.0006103515625,847.6410139064924,828.2649583967683,844.8659370380237,825.6980102539062,815.0882507324219,796.5331502278646,794.9911590576172,0.0,0.0,-0.0015297030506525,0.0045961044961018,0.0078958367844157,-0.0151434515005528,5.0,0.3902624999999999,0.0,0.0,0.0
849.17724609375,863.6473897298445,839.4644464154703,840.4555496579915,833.9439819335937,820.4550720214844,801.8223388671875,797.5333404541016,799.6954296875,0.0,0.0097225086897017,-0.010270760875752,0.0170401923775722,-0.011437894412455,5.0,0.4131312499999999,1.0,1.0,1.0
851.1099243164062,854.231923781498,840.5051073385769,843.4784171178482,840.1581909179688,826.8130065917969,807.1577799479167,799.9516326904297,800.9957592773437,0.0,0.0022759420739859,-0.0089665353211426,0.0036681507005094,-0.0124599851028019,5.0,0.4245656249999999,1.0,1.0,1.0
855.1734008789062,861.120020280256,846.1543856503822,852.3487808601215,847.750048828125,830.9062622070312,814.181396484375,802.9571502685546,802.2604052734375,0.0,0.0047743263783038,-0.0033029792740066,0.0069537001446,-0.0105464169246315,5.0,0.4302828125,1.0,1.0,1.0
847.4923706054688,856.065437972762,841.4962080008752,850.3665942467493,848.7907104492188,835.0788024902344,821.459395345052,806.203012084961,804.0780883789063,0.0,-0.0089818395491993,0.0033914448565797,0.0101158047725768,-0.0070751818099669,5.0,0.4331414062499999,0.0,0.0,0.0
865.2826538085938,874.9459102000873,842.7845986243294,852.0514500232508,853.647119140625,839.6725646972657,827.9412068684895,810.8116424560546,806.7223510742188,0.0,0.0209916735774449,-0.0152911926838068,0.0111677454170149,-0.0260008161324369,5.0,0.434570703125,1.0,1.0,1.0
887.8302612304688,889.9116143085066,865.282662750638,869.8417739033825,861.3777221679687,847.6608520507813,834.0959554036458,816.7111846923829,810.302216796875,809.9758117675781,0.0260580832432388,-0.0202611784173197,0.002344314188112,-0.0253962941616581,5.0,0.4352853515625,1.0,1.0,1.0
906.0665893554688,919.1491641532986,887.8302656382346,890.1097909798536,872.3690551757812,856.263623046875,841.9983561197917,823.4605987548828,814.4351171875,812.89130859375,0.0205403317743706,-0.017611065856612,0.0144388668024235,-0.0201269133322823,5.0,0.43564267578125,1.0,1.0,1.0
892.5875854492188,911.8150131849768,890.6053788988166,908.7426172287106,879.8518920898438,863.8009704589844,847.2214721679687,830.5990203857422,818.3360986328125,815.1923197428385,-0.0148763943672598,0.0180990997890266,0.0215412224516668,-0.0022207417879384,5.0,0.435821337890625,0.0,0.0,0.0
887.2356567382812,902.449067690242,884.3614330670546,897.0475427865329,887.8005493164062,868.2956298828125,852.6527180989583,838.0446838378906,822.52251953125,818.0318318684896,-0.0059959703654672,0.0110589401741616,0.0171469787495797,-0.0032395267811858,5.0,0.4359106689453125,0.0,0.0,0.0
879.4058837890625,881.8836418638047,857.7007593496054,881.0907713783153,890.6251953125,872.1361572265625,856.6567749023437,843.6122039794922,826.7743530273438,820.7061584472656,-0.0088249078920059,0.001915938499289,0.0028175363849811,-0.024681577459929,5.0,0.4359553344726562,0.0,0.0,0.0
884.0640869140625,897.4439806061475,876.1352610224566,879.1085707318088,889.8719604492187,875.6248413085938,861.7312215169271,848.0399566650391,831.34333984375,823.5638407389323,0.0052969888090006,-0.0056053811659193,0.015134529147982,-0.0089686098654708,5.0,0.4359776672363281,1.0,1.0,1.0
891.1505126953125,899.6244333963746,883.3703158765187,890.9522799466037,886.8887451171875,879.6289001464844,866.4719970703125,853.2209533691406,836.1462280273438,826.5107218424479,0.0080157376440729,-0.0002224458673196,0.0095089668696171,-0.0087305081554207,5.0,0.4359888336181641,1.0,1.0,1.0
910.6256103515624,916.770462305443,892.983985445626,892.983985445626,890.4963500976562,885.17412109375,872.6994303385417,858.0401916503906,842.578486328125,830.3628072102864,0.0218538814474189,-0.0193730823132962,0.0067479454608223,-0.0193730823132962,5.0,0.435994416809082,1.0,1.0,1.0
904.7285766601562,925.6904345735336,902.9941459743922,911.7159029593764,893.9949340820312,890.8977416992187,876.8620646158854,862.9882720947265,849.2347338867188,834.4345886230469,-0.0064758047921907,0.0077231188220165,0.0231692227416524,-0.0019170729548156,5.0,0.435997208404541,0.0,0.0,0.0
905.0755004882812,912.6574040595996,901.9039579881364,910.5265683662316,899.128857421875,894.8770263671875,881.1337239583333,867.2747955322266,854.7155346679688,838.833437093099,0.0003834562509406,0.0060227769672358,0.0083770951343042,-0.0035041745118875,5.0,0.4359986042022705,1.0,1.0,1.0
901.6066284179688,907.850566723864,878.5634781162986,899.4261891942213,902.6373657226562,896.2546630859375,884.6290161132813,871.9577575683594,858.9594384765625,843.2256774902344,-0.003832688066842,-0.0024183930719026,0.0069253464971208,-0.025557875879976,5.0,0.4359993021011352,0.0,0.0,0.0
883.172119140625,908.8912616616864,880.5952747787604,904.8773054282592,901.0416870117188,893.9652160644531,886.7664957682292,875.1144195556641,862.7851000976563,846.9621378580729,-0.0204462885434753,0.0245763943598611,0.0291213252362261,-0.0029177147987551,5.0,0.436,0.0,0.0,0.0
885.6498413085938,890.357581753033,872.5673267830234,878.1174807943477,896.046533203125,893.2714416503907,888.7982584635416,878.5362060546875,865.6414599609375,851.4898274739584,0.0028054805108427,-0.008504896814656,0.0053155775847972,-0.014771655698871,5.0,0.47035,1.0,1.0,1.0
876.0361328125,894.817489847307,872.3690389153645,883.2711739926042,890.3080444335938,892.1514892578125,890.7011759440104,880.2235595703125,868.4522265625,856.0802856445313,-0.0108549768178008,0.0082588387728668,0.0214390209847963,-0.0041860075855116,5.0,0.487525,0.0,0.0,0.0
855.817626953125,882.7756465247724,854.2318860044974,874.4998983764966,880.4564697265625,889.7926635742188,890.0701741536458,880.9644104003906,869.9111303710938,859.0056905110677,-0.0230795341676875,0.0218297343207152,0.0314997246172914,-0.0018528958725391,5.0,0.4961125,0.0,0.0,0.0
866.0260009765625,883.9650059565089,863.2509239967005,866.174690659756,873.3403442382812,887.9888549804688,888.6165568033854,881.8068481445313,872.2342749023437,861.3562561035156,0.0119282119249883,0.0001716919388399,0.0207141644242987,-0.0032043806730198,5.0,0.50040625,1.0,1.0,1.0
872.7159423828125,876.5317261367907,855.4707823712733,865.926909412902,871.2491088867188,886.1453979492187,886.3931803385417,882.8871490478516,874.341357421875,864.1957682291667,0.0077248736166191,-0.0077792012729527,0.0043723089824161,-0.0197603357221296,5.0,0.502553125,1.0,1.0,1.0
872.7159423828125,895.0157651933603,870.4859601017577,893.7768861483298,868.6623291015625,882.3544311523438,885.0684041341145,883.7642761230469,876.5614306640625,866.1449381510416,0.0,0.0241326447045457,0.0255522120401074,-0.0025552212040108,5.0,0.5036265625,0.0,0.0,0.0
843.3793334960938,879.1085940181315,836.4911537218749,872.7159658752646,862.1309692382813,876.2195068359375,882.1446492513021,883.5586242675781,876.6050415039062,867.3986836751302,-0.033615300766272,0.0347846232579123,0.0423644012877666,-0.0081673566100618,5.0,0.5041632812500001,0.0,0.0,0.0
829.20654296875,851.654994870661,826.6791813342937,844.7172722490112,856.8087524414062,868.6326110839843,878.798026529948,881.7548187255859,876.1332788085938,867.7274007161458,-0.0168047638404805,0.0187055075864805,0.0270722078742171,-0.0030479277520022,5.0,0.504431640625,0.0,0.0,0.0
837.5813598632812,840.8520490893219,827.7694736615904,834.2611880636869,851.11982421875,862.2300842285156,875.6991780598959,879.2423736572266,875.669443359375,868.7151997884115,0.0100997959622309,-0.0039639991512422,0.0039049212205182,-0.0117145469943271,5.0,0.5045658203125001,1.0,1.0,1.0
825.6385498046875,840.1086935410451,823.7554899261343,837.2840129850027,841.704345703125,856.4767272949218,871.3317138671875,875.2209716796875,874.6505883789063,868.90185546875,-0.0142586865358885,0.0141047958371978,0.0175260030430757,-0.0022807315368191,5.0,0.5046329101562501,0.0,0.0,0.0
814.3895263671875,829.0578418958469,809.0870878553552,825.5889806326843,830.0390625,849.3506958007813,864.9159749348959,871.311068725586,873.0192333984374,868.8077026367188,-0.0136246344603956,0.0137519625472777,0.0180114245747873,-0.0065109365238098,5.0,0.504666455078125,0.0,0.0,0.0
815.7274780273438,822.1201057764746,805.32089440992,814.6868317640291,824.50869140625,843.3198303222656,858.982568359375,867.7356597900391,871.7486376953125,867.9223164876302,0.0016428890805172,-0.0012757278519429,0.0078367198866342,-0.012757426834008,5.0,0.5046832275390625,1.0,1.0,1.0
805.1226806640625,819.0972724324049,800.3158542194765,817.1150659823257,819.6919189453125,838.2503356933594,852.3190470377605,864.0214996337891,869.3422387695313,866.7263854980469,-0.0130004169884366,0.0148951030771757,0.0173570961344875,-0.005970303110355,5.0,0.5046916137695312,0.0,0.0,0.0
804.329833984375,809.8800485041241,798.3336713938736,805.1227044894414,813.0416137695313,832.0807189941406,845.8339274088542,860.0347869873046,866.0022216796875,865.2314717610677,-0.0009847526330193,0.0009857529480645,0.0069004210527108,-0.0074548553804083,5.0,0.5046958068847656,0.0,0.0,0.0
810.97021484375,814.6868519420257,804.9245093607443,809.7313358109915,810.1079467773437,825.9061462402344,841.0204671223959,856.0257720947266,862.1983666992187,863.8934814453125,0.0082557933061873,-0.0015276504735716,0.0045829514207149,-0.0074549044741063,5.0,0.5046979034423829,1.0,1.0,1.0
815.8761596679688,817.6601333149556,809.7313077797803,816.123935465943,810.4052734375,820.22216796875,836.3688883463542,851.2882995605469,859.1299096679687,862.583573404948,0.0060494759664681,0.0003036929012303,0.0021865740601034,-0.0075315987792671,5.0,0.5046989517211915,1.0,1.0,1.0
810.8711547851562,818.304429220666,808.0960172688522,815.826671075496,809.4340087890625,816.9713500976562,832.0245564778646,846.5954284667969,856.0753295898437,861.3628662109375,-0.006134515420636,0.0061113485923085,0.0091670228884626,-0.0034224148928313,5.0,0.5046994758605958,0.0,0.0,0.0
823.3094482421875,824.5978703161286,809.5330894330791,810.8215115070203,813.0713623046875,816.381640625,829.857344563802,842.5071258544922,853.8314721679687,859.9637593587239,0.0153394203057165,-0.0151679745226167,0.0015649305090472,-0.0167329050316642,5.0,0.504699737930298,1.0,1.0,1.0
815.9257202148438,831.7338285628031,811.1188938279862,831.5355958217478,815.3905395507812,814.2160766601562,826.5173258463542,838.2230804443359,851.1059375,857.5669413248698,-0.0089683508954117,0.0191314910416033,0.0193744454382402,-0.0058912548872608,5.0,0.504699868965149,0.0,0.0,0.0
806.4111328125,821.7732322207744,804.5280125591466,817.115035140483,814.4787231445313,812.2933349609375,822.0970052083334,834.3850311279297,847.7163623046876,854.2450927734375,-0.0116610950808591,0.0132735051544381,0.0190499594849296,-0.0023351863295657,5.0,0.5046999344825744,0.0,0.0,0.0
809.5331420898438,814.5878050824365,806.6589788905826,806.6589788905826,813.2101196289062,811.8076965332032,817.8848185221354,830.5791961669922,843.6726635742187,851.476611328125,0.0038714858343475,-0.0035503959625932,0.0062439234785915,-0.0035503959625932,5.0,0.5046999672412873,1.0,1.0,1.0
816.1735229492188,817.2637123227862,806.1138008070865,809.5331191036627,814.2705932617188,811.8523010253906,816.0710978190104,827.5860656738281,840.1304614257813,849.1078735351563,0.0082027288496584,-0.0081360196806693,0.0013357323447935,-0.0123254698409986,5.0,0.5046999836206436,1.0,1.0,1.0
827.8684692382812,832.0806577282622,804.8748635004289,816.1734638821736,815.1823974609375,814.1268798828125,815.9818929036459,826.188607788086,837.0421801757813,847.3899597167969,0.0143289949504894,-0.014126646672349,0.0050879924124378,-0.0277744673124327,5.0,0.5046999918103219,1.0,1.0,1.0
827.7198486328125,833.5177780645874,821.178531320614,831.5355716958251,817.5412231445313,816.4658813476562,815.3244588216146,824.2733001708984,834.086708984375,845.5118184407552,-0.0001795220025778,0.0046099209404186,0.0070047002513611,-0.0079028155758293,5.0,0.504699995905161,0.0,0.0,0.0
843.4783935546875,845.8075224453362,824.7961218270256,831.535611706673,824.9546752929688,819.71669921875,816.5137817382813,822.8114227294922,832.4989599609376,843.9227478027344,0.0190385007051651,-0.0141589659430205,0.0027613379411333,-0.0221490815537418,5.0,0.5046999979525806,1.0,1.0,1.0
859.7324829101562,860.574896433273,838.5723932955689,847.3436929105636,834.9945434570312,824.1023315429687,819.5366455078125,822.1622497558594,831.462265625,842.2263102213542,0.0192703090911064,-0.0144100522498081,0.0009798554083535,-0.0246124114596222,5.0,0.5046999989762904,1.0,1.0,1.0
849.325927734375,862.1607267019151,847.3932643313316,860.7731579786683,841.6250244140625,827.9478088378906,821.776542154948,822.4595794677734,830.393857421875,840.3795552571614,-0.0121044108285353,0.0134780181205929,0.0151117475028434,-0.002275526202525,5.0,0.5046999994881451,0.0,0.0,0.0
840.505126953125,855.7681417064284,837.7795929251882,849.3755134333843,844.1523559570312,829.6673767089844,824.1353719075521,823.0245086669922,829.781357421875,838.2272094726562,-0.0103856487753529,0.0105536375636576,0.0181593356945157,-0.0032427333760793,5.0,0.5046999997440726,0.0,0.0,0.0
836.0451049804688,844.4199392463044,834.3106743540826,841.5457157257227,845.8174072265625,831.6793151855469,826.2497233072917,822.9476959228516,828.5821215820313,836.041825358073,-0.0053063590329592,0.0065793229485895,0.0100172038756585,-0.0020745658530308,5.0,0.5046999998720363,0.0,0.0,0.0
846.996826171875,859.0882981047273,837.4822590236117,837.4822590236117,846.52109375,835.7378845214844,828.6514973958333,824.0156097412109,827.5533569335937,834.8359822591145,0.0130994382075379,-0.0112332972854996,0.0142756992225123,-0.0112332972854996,5.0,0.5047,1.0,1.0,1.0
801.2078247070312,839.6626155029568,797.8380497410838,823.1111805092796,834.816162109375,834.9053527832032,827.6736083984375,823.3565246582032,824.6930322265625,832.0212483723958,-0.0540604168161925,0.0273379204830626,0.0479960250138431,-0.0042058687671699,5.0,0.5023500000000001,0.0,0.0,0.0
791.9410400390625,799.572547164659,755.9640041522698,799.572547164659,823.3391845703125,832.4821044921875,826.4116007486979,822.167202758789,822.6355004882812,829.2180786132812,-0.0115660186810547,0.0096364587005366,0.0096364587005366,-0.0454289322914974,5.0,0.501175,0.0,0.0,0.0
794.4187622070312,802.6945102675827,785.99438496095,788.8686084535275,814.1219116210938,829.1371337890625,824.4855550130209,821.6320068359375,821.2439892578125,827.1714497884115,0.0031286699927137,-0.0069864333743635,0.0104173622958751,-0.0106044540321239,5.0,0.5005875,1.0,1.0,1.0
802.694580078125,810.7224925433716,791.4455214229762,794.8648398774866,807.451806640625,826.6346069335938,823.6034790039063,821.550244140625,819.8485180664062,825.0604024251302,0.0104174501721259,-0.0097543205036669,0.0100012042743147,-0.0140141206061886,5.0,0.50029375,1.0,1.0,1.0
794.7657470703125,807.6500897531345,787.9271102187265,806.3616070911373,797.0055908203125,821.7633422851562,822.8271199544271,820.7400207519531,818.6136059570313,822.4620625813802,-0.0098777707045696,0.0145902865889349,0.0162114971994158,-0.0086045943434209,5.0,0.500146875,0.0,0.0,0.0
791.3463745117188,801.7529582744335,787.9270563198274,793.8736756128072,795.03330078125,814.9247314453125,821.614668782552,819.5135314941406,817.6918798828125,819.7497436523438,-0.0043023652833534,0.0031936724328178,0.0131504788521155,-0.0043208869112481,5.0,0.5000734375,0.0,0.0,0.0
796.2027587890625,800.5140941519871,791.3959323013084,791.8914839182786,795.88564453125,809.6124145507813,820.2832845052084,818.7801116943359,816.9108911132812,818.1771911621094,0.006136862989156,-0.0054147951927985,0.0054148711685975,-0.0060371889379844,5.0,0.50003671875,1.0,1.0,1.0
796.5992431640625,801.2574405724395,793.9727953350007,797.6398894859417,796.3217407226563,805.221826171875,818.1986694335938,817.4446014404297,816.5699536132812,817.0902811686198,0.0004979691047579,0.0013063611732115,0.0058476046121695,-0.0032970754762829,5.0,0.500018359375,1.0,1.0,1.0
800.266357421875,801.2574607042126,791.5942037014215,798.7797024983687,795.8360961914062,801.6439514160156,816.3684366861979,816.6616333007812,816.4074145507813,815.8464477539062,0.0046034618903814,-0.0018577001391082,0.0012384667594056,-0.0108365841447983,5.0,0.5000091796875,1.0,1.0,1.0
806.361572265625,808.7402442396569,798.3832032781105,801.8025215562285,798.1552612304688,797.5804260253906,813.8939819335938,816.6591552734375,816.2230688476562,815.2038818359375,0.0076164826713273,-0.0056538541346743,0.0029498826033445,-0.0098942822449955,5.0,0.50000458984375,1.0,1.0,1.0
801.85205078125,809.681790442848,800.8114044951237,808.541997539099,800.256396484375,797.6448486328125,810.0352864583333,816.2751007080078,815.6621044921875,814.785965983073,-0.0055924310377349,0.0083431185981641,0.0097645689799874,-0.0012978033604982,5.0,0.500002294921875,0.0,0.0,0.0
803.1405029296875,807.1049159715906,797.838124682999,801.8025377249022,801.6439453125,798.764794921875,806.9562581380209,815.6234497070312,815.3528784179688,814.3664001464844,0.0016068452368266,-0.001665916735496,0.0049361388542126,-0.0066020555897088,5.0,0.5000011474609375,1.0,1.0,1.0
797.39208984375,808.7402339007114,795.9054350020208,804.7758209894333,801.8025146484375,799.0621276855469,804.0820556640625,814.0996307373047,814.3161840820312,814.1087137858073,-0.0071574189882946,0.0092598500031899,0.0142315734022204,-0.0018643962746364,5.0,0.5000005737304687,0.0,0.0,0.0
795.8558959960938,800.9104982868839,787.927070133119,799.8203089275811,800.9204223632812,798.3782592773438,801.4027750651042,812.5064331054688,813.5133911132813,813.826249186198,-0.0019265225567477,0.0049813200498132,0.0063511526599471,-0.0099626400996264,5.0,0.5000002868652343,0.0,0.0,0.0
790.454345703125,801.8520325123757,788.9676909019183,797.8380766475456,797.7389770507813,797.947119140625,797.6332763671875,809.8552307128906,812.8751196289063,813.1423868815104,-0.0067870959053562,0.0093411225892527,0.0144191588941322,-0.0018807598557564,5.0,0.5000001434326171,0.0,0.0,0.0
790.1570434570312,793.8736805382026,778.8584425334144,793.8241374755484,795.3999755859375,797.8281860351562,796.8965576171875,806.3764587402344,812.1000756835938,812.2850830078125,-0.0003761156450209,0.0046409685883113,0.0047036688617121,-0.0142991839624488,5.0,0.5000000717163086,0.0,0.0,0.0
802.4962768554688,804.7262590657978,783.4670832289007,789.9092540587399,795.2711303710937,798.4575378417969,797.6002400716146,804.0349761962891,811.5529858398437,812.0059204101562,0.0156161784554268,-0.0156848363783697,0.0027788069236496,-0.0237125008244682,5.0,0.5000000358581542,1.0,1.0,1.0
798.6309814453125,805.7669368963282,796.8470077055939,802.4963082914873,795.5189086914063,798.6607116699219,797.8810546875,801.9412689208984,810.383486328125,811.1833048502605,-0.0048165898355343,0.0048399410190418,0.0089352349418019,-0.0022337897992512,5.0,0.5000000179290771,0.0,0.0,0.0
796.3019409179688,801.7530089477248,792.3870708708971,798.6310094247343,795.6081176757813,798.2642700195313,797.4548787434895,799.9541107177735,809.1267700195312,810.5291788736979,-0.0029162912301859,0.0029248559963079,0.0068454787683578,-0.004916313581452,5.0,0.5000000089645386,0.0,0.0,0.0
805.0235595703125,806.7579901387927,794.3692003639342,796.8469583189059,798.5219604492188,798.13046875,798.1387329101562,797.8554473876953,807.5885766601563,810.4829264322917,0.0109526527617018,-0.0101569713758078,0.0021545090797168,-0.013234841489689,5.0,0.5000000044822692,1.0,1.0,1.0
807.3031005859375,810.6728756674862,802.0007226554081,807.7986521866277,801.951171875,798.6755737304687,799.2025146484375,798.1602111816406,805.4914013671874,810.4085917154948,0.0028316450972462,0.00061383586949,0.0041741138849868,-0.0065680138310888,5.0,0.5,1.0,1.0,1.0
818.4035034179688,820.1379340943012,807.74914354907,810.7224532799255,805.1326171875,800.2018737792969,800.6825642903646,799.4833343505859,804.2545043945313,810.4829243977864,0.0137499816660862,-0.0093854072055705,0.002119285498032,-0.0130184680593399,5.0,0.5740000000000001,1.0,1.0,1.0
814.5381469726562,823.6067655190903,811.7630700897923,818.6512494810693,808.3140502929688,801.9164794921875,801.8784912109375,800.4893035888672,803.2158251953125,810.0385803222656,-0.0047230448417794,0.0050496131135171,0.0111334485439864,-0.0034069329879489,5.0,0.611,0.0,0.0,0.0
814.0426025390625,819.4441271665107,809.7313277448656,811.8622238568395,811.8621826171875,803.7351501464843,802.7969075520833,801.0567047119141,802.3357250976562,809.5826721191406,-0.0006083747402568,-0.0026784577065405,0.0066354323601742,-0.0052961291961253,5.0,0.6295,0.0,0.0,0.0
818.056640625,824.5483547654915,811.7630987393122,812.7542019818953,814.468798828125,806.4953796386719,803.5765787760416,802.2212493896484,801.1781176757812,808.7352803548177,0.0049309926451237,-0.0064817500155656,0.0079355313777929,-0.0076932837815233,5.0,0.6387499999999999,1.0,1.0,1.0
811.6144409179688,823.4085327933792,809.7808636885858,822.61566232571,815.3310668945312,808.6411193847656,804.2274047851563,803.234652709961,801.5943823242187,807.1313456217448,-0.0078750044765963,0.0135547383746628,0.0145316436978018,-0.0022591727511761,5.0,0.643375,0.0,0.0,0.0
815.9257202148438,819.0477195330803,813.7452810475149,814.6868411984228,814.8355102539062,809.9840637207031,805.0797526041666,804.22080078125,802.55376953125,806.0180053710938,0.0053119795305746,-0.0015183723048891,0.0038263278640298,-0.0026723500844595,5.0,0.6456875,1.0,1.0,1.0
796.1532592773438,817.6602127287592,784.3591664435729,816.6691094406032,811.1585327148438,809.7362915039063,804.9971638997396,804.1985015869141,802.6231494140625,804.539609781901,-0.0242331629554387,0.0257687196832947,0.0270135846343668,-0.0148138473294402,5.0,0.6468437499999999,0.0,0.0,0.0
798.9282836914062,801.8025072343434,794.0223711323247,801.8025072343434,808.1356689453125,809.99892578125,805.2019897460938,804.1315979003906,802.4724975585938,803.3023824055989,0.0034855404807126,0.003597598935485,0.003597598935485,-0.0061406169480119,5.0,0.647421875,1.0,1.0,1.0
797.78857421875,803.7847367905844,794.4187989675308,803.7847367905844,804.0820556640625,809.2754272460937,805.6909383138021,803.7029479980469,802.5934106445312,801.6621073404948,-0.0014265479091443,0.0075159795033492,0.0075159795033492,-0.0042238951021817,5.0,0.6477109375000001,0.0,0.0,0.0
775.1212768554688,802.4714769682621,774.1747190260611,801.2758281739168,796.7834228515625,806.0572448730469,804.688553873698,802.3664093017578,801.9444067382813,800.7925557454427,-0.0284126623215663,0.0337425279106677,0.035285059163578,-0.0012211738442372,5.0,0.64785546875,0.0,0.0,0.0
787.775146484375,792.8067720462643,771.3849480705225,777.2136525944453,791.1533081054688,802.9944091796875,803.7071451822917,801.5981414794921,801.6073022460937,800.6536926269531,0.0163250190734549,-0.0134067366012532,0.0063871341769845,-0.0208056810207805,5.0,0.6479277343750001,1.0,1.0,1.0
803.4678344726562,805.0619923103577,787.1274429767111,787.8249098356642,792.6162231445312,801.8873779296875,804.0296020507812,801.9019287109375,801.8820458984375,800.9553283691406,0.0199202628545891,-0.0194692605799944,0.0019840966486825,-0.0203373312469563,5.0,0.6479638671875001,1.0,1.0,1.0
812.28564453125,823.9929199967418,798.0874593922492,805.0620064780742,795.2876953125,801.7116821289062,805.0951822916667,802.7234161376953,802.3628173828125,801.2750305175781,0.010974689564743,-0.0088929776142288,0.0144127568230603,-0.017479300827967,5.0,0.64798193359375,1.0,1.0,1.0
797.9878540039062,815.2249369260909,795.0983744331825,812.9831182011853,795.3275512695312,799.7048034667969,804.6261352539062,803.1000915527344,802.0278686523437,801.3824340820313,-0.0176019244259753,0.0187913439058506,0.0216006833132829,-0.0036209568306406,5.0,0.6479909667968751,0.0,0.0,0.0
793.304931640625,800.7776607238765,791.411815947578,799.0838299690279,798.9642822265625,797.8738525390625,803.6929239908854,803.2574859619141,801.6859838867188,801.4477193196615,-0.0058684130839644,0.0072845864155308,0.0094197436385492,-0.002386365718327,5.0,0.6479954833984376,0.0,0.0,0.0
787.2769165039062,796.7921790616385,782.6936063286705,795.0983483623824,798.8646362304687,795.0089721679688,801.6178181966146,802.4965179443359,801.0514404296875,801.1501912434895,-0.0075986104413245,0.0099347912970815,0.0120862969029844,-0.0058217255950917,5.0,0.6479977416992189,0.0,0.0,0.0
786.3801879882812,791.9099953293867,783.1918114270775,787.1274608941934,795.4471069335938,794.0316650390625,799.7406209309896,801.8839782714844,800.6109643554687,800.8095560709636,-0.0011390255408568,0.0009502692429521,0.0070319769312243,-0.0040544975698844,5.0,0.6479988708496094,0.0,0.0,0.0
784.0387573242188,791.1129165092763,780.1529138876112,787.4263580102531,789.7977294921875,792.5427124023438,797.7403645833333,801.2708190917969,800.1382788085938,800.2686360677084,-0.002977479214033,0.0043207056467406,0.009022716184593,-0.0049561879439087,5.0,0.6479994354248046,0.0,0.0,0.0
779.2561645507812,786.1310996333208,775.7190849470152,783.142007999734,786.0513916015625,790.6894714355469,795.1536661783854,799.9824493408203,799.6903515625,799.3651224772135,-0.0060999443315272,0.0049866059785268,0.0088224327189028,-0.0045390460347594,5.0,0.6479997177124024,0.0,0.0,0.0
747.7711181640625,774.6729438674998,745.7783903341783,765.4067716211836,776.94462890625,787.9544555664063,790.8974446614583,797.0058502197265,797.9949145507812,797.5624247233073,-0.0404039747377153,0.023584293413766,0.0359760159893405,-0.0026648900732844,5.0,0.6479998588562013,0.0,0.0,0.0
754.8951416015625,756.2402085563126,744.88163564401,750.4115040014262,770.4682739257812,784.666455078125,786.8287394205729,793.8304321289063,796.090869140625,795.9542460123698,0.0095270106914412,-0.0059394177456539,0.0017817931002925,-0.0132647640787675,5.0,0.6479999294281007,1.0,1.0,1.0
758.33251953125,765.0081696440182,755.144203787741,758.1332954071992,764.858740234375,780.1529235839844,784.3073567708333,791.020150756836,794.4789306640625,794.6522603352864,0.004553450857287,-0.0002627134125462,0.0088030645407302,-0.0042043769209314,5.0,0.6479999647140504,1.0,1.0,1.0
759.9267578125,763.9122134078841,756.04091428171,760.2256548195086,760.0363403320313,774.9170349121093,781.7072550455729,788.3143585205078,793.0239233398438,793.4546223958333,0.002102294495079,0.0003933234406285,0.0052445259420217,-0.0051134448035171,5.0,0.6479999823570253,1.0,1.0,1.0
756.9874267578125,761.2219730739963,753.3506744198008,757.1867116882775,755.5825927734375,770.8169921875,778.9871785481771,785.2608978271485,791.1024780273438,792.3390584309896,-0.0038679136172919,0.000263260555487,0.0055939453767686,-0.0048042440461499,5.0,0.6479999911785126,0.0,0.0,0.0
759.8270874023438,766.6522166195404,756.987474606701,762.2183850926308,757.9937866210937,767.4692077636719,777.9675659179687,782.6715301513672,789.2034375,791.3280598958333,0.0037512652709352,0.003147160360474,0.0089824768428958,-0.0037371828969018,5.0,0.6479999955892564,1.0,1.0,1.0
756.2899780273438,763.3641979423896,754.2972503013968,762.2183551746805,758.27275390625,764.3705139160156,775.8685546875,779.6897430419922,786.718896484375,789.7878499348958,-0.0046551504067754,0.0078387620087203,0.009353845906431,-0.0026348725804149,5.0,0.6479999977946282,0.0,0.0,0.0
763.8623657226562,766.153990402396,751.2583387642533,759.2292495203727,759.3787231445312,762.1187316894532,773.2281901041666,778.0751983642579,784.691865234375,788.628896077474,0.0100125453401667,-0.0060653808986915,0.0030000492007113,-0.0165003900231147,5.0,0.6479999988973142,1.0,1.0,1.0
766.0543212890625,769.1928917399748,760.3252291549888,763.8623694709521,760.6042358398438,760.3202880859375,770.1461018880208,776.4315002441406,782.772333984375,787.6206420898437,0.0028695687400864,-0.0028613529839789,0.0040970599129719,-0.0074787021949476,5.0,0.6479999994486572,1.0,1.0,1.0
757.4856567382812,765.1078649163148,754.2474740557434,760.2256574696595,760.7038818359375,758.1432373046875,767.4459554036458,774.4163543701172,780.3494946289062,786.036045328776,-0.0111854529276233,0.0036172311739559,0.0100625115607531,-0.0042749095692206,5.0,0.6479999997243286,0.0,0.0,0.0
755.2936401367188,759.6776656098453,750.2620146183248,757.485652873282,759.7971923828125,758.8954895019531,764.9118693033854,773.4249725341797,778.0966625976563,784.3023966471354,-0.0028938060834066,0.0029021993832312,0.0058043987664626,-0.006661813698687,5.0,0.6479999998621644,0.0,0.0,0.0
756.5390625,764.6096462087526,753.5997769668103,755.2936076819725,759.8470092773438,759.0598815917969,762.8626790364583,771.863168334961,775.7211962890625,782.2402486165364,0.001648924732182,-0.0016462531543471,0.0106677686702429,-0.0038851735209505,5.0,0.6479999999310821,1.0,1.0,1.0
759.5780029296875,761.8696885746765,756.2402081544285,761.222027707488,758.99013671875,759.1844299316406,761.0758666992188,769.6686767578125,774.2581860351562,780.4082438151041,0.0040168982413746,0.0021643922960636,0.0030170510943576,-0.0043942751927849,5.0,0.647999999965541,1.0,1.0,1.0
746.1270751953125,761.6205823456532,743.5365534048873,759.6278545643336,755.0046875,757.8044616699219,758.5484212239584,766.3607482910156,772.1461376953125,778.1443929036458,-0.0177084218901743,0.0180944772249245,0.0207652391468102,-0.0034719578963772,5.0,0.648,0.0,0.0,0.0
751.955810546875,752.5536045322132,742.2910690290865,747.5717852769844,753.8987182617187,757.3013000488281,756.7283976236979,764.0591461181641,770.3128271484375,775.9410319010417,0.0078119874554032,-0.005830163433011,0.0007949855256832,-0.012852805154547,5.0,0.6840999999999999,1.0,1.0,1.0
761.1721801757812,764.1612717446528,749.6641897982705,752.4539964332392,755.0744262695313,757.4358093261719,757.6218017578125,762.4525085449219,769.75486328125,774.2596232096354,0.012256530902,-0.0114536289811967,0.0039269585078389,-0.0151187742763445,5.0,0.7021499999999999,1.0,1.0,1.0
762.9656372070312,766.1540137693661,754.7954412701811,762.3179763630544,756.3597412109375,758.1033752441406,758.159834798177,761.2369445800781,768.7624829101562,772.494287109375,0.0023561778503726,-0.0008488728880997,0.0041789255070601,-0.0107084717035993,5.0,0.7111749999999999,1.0,1.0,1.0
775.0216064453125,789.9670643890793,761.3216033301928,767.2997865076997,759.4484619140625,759.2192993164062,759.2724405924479,760.6690155029297,767.6246337890625,771.7898986816406,0.0158014576939719,-0.0099633608578081,0.019283924240919,-0.0176769305541759,5.0,0.7156874999999999,1.0,1.0,1.0
774.5733032226562,788.0242155780903,772.4809025905427,778.1103828275513,765.1377075195312,760.0711975097656,760.248876953125,760.1957427978516,766.1161401367187,770.9780659993489,-0.000578439644686,0.0045664878845925,0.0173655770208847,-0.002701359088169,5.0,0.7179437499999999,0.0,0.0,0.0
761.5706787109375,772.929250841045,759.8769088292182,770.1892502740932,767.0606811523437,760.4796997070313,760.5544270833333,759.3114685058594,764.659453125,769.7708028157552,-0.0167868224448487,0.0113168374309575,0.0149146657659318,-0.0022240481797253,5.0,0.7190718749999999,0.0,0.0,0.0
762.8660278320312,766.8016165011817,755.9910927456931,762.218366985773,767.3994506835937,761.2369384765625,760.7570231119792,760.0662139892578,763.4418969726562,769.362294514974,0.0017008915354859,-0.0008489837306019,0.0051589512778997,-0.0090119822295349,5.0,0.7196359374999999,1.0,1.0,1.0
764.360595703125,768.5951423085552,761.9194919679375,763.2147528846002,767.6784423828125,762.019091796875,761.2950642903646,760.5394866943359,762.525244140625,768.5818094889323,0.0019591485484563,-0.0014990867202812,0.0055399854849069,-0.0031936546034819,5.0,0.7199179687499999,1.0,1.0,1.0
762.2183837890625,766.7518273731365,760.4747469634012,766.1540333582003,765.1177978515625,762.2831298828125,761.1854654947916,760.7337799072266,761.5587719726562,767.2068277994791,-0.0028026195045963,0.0051634146497141,0.0059476964613971,-0.0022875816993463,5.0,0.7200589843749999,0.0,0.0,0.0
755.7918090820312,767.2001876717432,754.1976511991722,763.2147321513704,761.3614990234375,763.2496032714844,760.501298014323,760.5270324707031,760.4288940429688,765.3236999511719,-0.0084314086929839,0.0098213859691795,0.0150946046948672,-0.002109255305102,5.0,0.7201294921874999,0.0,0.0,0.0
760.2754516601562,761.5209065186564,755.7918141695559,757.2365539680611,761.1024536132812,764.0815673828125,760.6872843424479,760.6914337158203,759.6696655273438,764.0666198730469,0.0059323778377153,-0.0039971009000215,0.0016381626629933,-0.0058973855867762,5.0,0.7201647460937499,1.0,1.0,1.0
777.263427734375,779.1067373748674,758.7310841474614,762.2183576793276,763.98193359375,765.6906921386719,762.1519368489584,761.5632507324219,760.8493579101563,763.5319030761718,0.0223445016370361,-0.0193564620670522,0.0023715378528299,-0.0238430664889676,5.0,0.7201823730468749,1.0,1.0,1.0
794.5006103515625,797.5893141635696,777.4129448796068,779.1565817313073,770.0099365234375,768.844189453125,764.6827067057292,763.4737823486328,762.4335766601563,763.7726928710938,0.0221767575858183,-0.0193127965168782,0.0038876040770319,-0.0215074290054911,5.0,0.7201911865234374,1.0,1.0,1.0
798.2369384765625,802.3220060167414,789.2197968058631,795.0983679619493,777.2136474609375,771.16572265625,767.2599690755209,765.1925109863281,764.0297534179688,764.1679178873698,0.0047027378913487,-0.003931878322498,0.0051176127579053,-0.0112963222272182,5.0,0.7201955932617187,1.0,1.0,1.0
796.6427001953125,807.9015994824146,792.1590628923161,798.0376339037562,785.3838256835937,773.3726623535156,770.6276774088542,766.7219299316406,765.4983911132813,764.5880493164062,-0.0019971993331862,0.00175101549051,0.0141329347326495,-0.0056281659292141,5.0,0.7201977966308593,0.0,0.0,0.0
816.3209228515625,818.5627416038901,796.0947480487634,800.8772825577505,796.592919921875,778.8476867675781,774.9186848958333,769.6636932373046,767.8717309570312,765.8235412597656,0.0247014409991147,-0.0189185893212984,0.0027462468369627,-0.0247772343408094,5.0,0.7201988983154296,1.0,1.0,1.0
823.3951416015625,826.2845603896451,816.0718305347542,820.8045590040939,805.8192626953125,784.9005981445313,779.0668823242188,773.0687683105468,770.414453125,768.3443420410156,0.0086659774997416,-0.0031462204069235,0.0035091520973302,-0.0088940421151427,5.0,0.7201994491577148,1.0,1.0,1.0
813.1325073242188,825.8361463127388,807.6027001624487,825.8361463127388,809.5456420898438,789.7777893066407,782.4113403320313,775.8984405517579,772.688154296875,770.2855875651042,-0.0124638023214251,0.015623085873573,0.015623085873573,-0.0068006224224966,5.0,0.7201997245788574,0.0,0.0,0.0
846.361328125,848.7027589677729,816.2711261429855,819.7085937651283,819.1705200195313,798.1920837402344,787.1673217773438,780.2376068115234,775.9881127929688,773.2198811848958,0.0408651978631718,-0.0314909642893506,0.0027664671872,-0.035552430128956,5.0,0.7201998622894287,1.0,1.0,1.0
833.7074584960938,854.4318145876691,832.1133006479816,846.3114856298392,826.5834716796875,805.9836486816406,791.1095987955729,784.6166259765625,778.69423828125,775.6792378743489,-0.0149509071461703,0.0151180453110995,0.0248580672757319,-0.0019121309661638,5.0,0.7201999311447143,0.0,0.0,0.0
825.5372924804688,841.2798298481611,813.780210690077,836.9456712331371,828.4267456054688,812.5098327636719,795.3740397135417,788.2957000732422,781.4163037109375,777.9642333984375,-0.0097997995968069,0.013819337850129,0.0190694442408423,-0.0142417331082229,5.0,0.7202,0.0,0.0,0.0
822.3987426757812,826.3841980591129,791.3121785231496,817.5165355059107,828.2274658203125,817.0233642578125,799.3428873697917,791.3570281982422,784.1005078125,780.0499552408854,-0.0038018268021026,-0.0059365450316541,0.0048461350638311,-0.0377998682871127,5.0,0.7663249999999999,0.0,0.0,0.0
823.4947509765625,825.5372847782271,807.4034499080522,819.0111134939315,830.2999145507813,819.9227783203125,803.2851643880208,794.3834838867188,786.7787353515625,782.2901143391927,0.0013326969557556,-0.0054446460980036,0.0024803240084316,-0.019540259424153,5.0,0.7893874999999999,1.0,1.0,1.0
822.7474975585938,829.971135896226,817.8154840481857,822.0002246271146,825.5771484375,822.3738342285156,807.3204386393229,796.7697784423829,789.3055151367188,784.2529520670573,-0.0009074173418623,-0.0009082652134423,0.0087798970632757,-0.0059945651916818,5.0,0.8009187499999999,0.0,0.0,0.0
807.0049438476562,828.2274825151744,805.0620221019681,822.6976750953122,820.2366455078125,823.41005859375,810.7346476236979,798.3913604736329,791.7406298828125,785.6179728190104,-0.0191341253029048,0.0194456444998165,0.0262979041569844,-0.0024075710570305,5.0,0.8066843749999999,0.0,0.0,0.0
805.11181640625,810.6914905898544,797.0910993813699,807.0049320925706,816.1515502929688,822.2891479492188,813.7237386067708,800.5684173583984,793.8668701171875,787.2055114746094,-0.0023458684557496,0.0023513698938997,0.0069303096413493,-0.0099622398546849,5.0,0.8095671874999999,0.0,0.0,0.0
820.0074462890625,821.9503679538501,803.4179639070139,806.9551042153399,815.673291015625,821.9503784179688,816.57333984375,803.42548828125,796.2202807617188,789.3626383463542,0.0185013181762771,-0.0159173457909325,0.0023693951482761,-0.0202308923621659,5.0,0.81100859375,1.0,1.0,1.0
833.3088989257812,837.8424031879977,820.0074655773677,821.0038294480571,817.6361206054687,823.968017578125,819.1605590820312,806.8729034423828,799.0340112304688,791.9216328938802,0.016221136401766,-0.0147665163465632,0.0054403646331637,-0.0159621880500261,5.0,0.8117292968750001,1.0,1.0,1.0
830.31982421875,838.0416443738064,827.0318355411775,834.9529406370742,819.1505859375,822.3638671875,821.2994181315104,810.2779754638672,801.2459399414063,794.2796936035156,-0.0035869948237495,0.0055799178619919,0.0092998142761699,-0.0039599062694499,5.0,0.8120896484375,0.0,0.0,0.0
821.9005737304688,831.515448506639,816.0220026219441,826.4838231683793,822.1297119140625,821.1831787109375,822.9832763671875,813.5834136962891,803.1390307617188,796.8054768880208,-0.0101397681263396,0.0055764037456598,0.011698342942541,-0.007152411491627,5.0,0.81226982421875,0.0,0.0,0.0
824.4412841796875,827.5797938357545,820.5554408189682,821.9005685114743,825.99560546875,821.0735778808594,823.5246337890625,816.7917053222657,805.6538549804687,799.2216593424479,0.00309126253275,-0.0030817424078188,0.003806832234499,-0.004713305162278,5.0,0.812359912109375,1.0,1.0,1.0
845.8132934570312,848.603100064052,824.4412767910578,825.1885496757895,831.1567749023437,823.4150329589844,825.0191772460937,820.2191986083984,808.9717456054688,802.0430297851562,0.025923021672318,-0.0243845112636427,0.0032983716720957,-0.0252680075275492,5.0,0.8124049560546875,1.0,1.0,1.0
852.3394775390625,854.3820112926275,846.5107124609684,850.5958407813224,834.962890625,826.2995056152344,827.6329752604166,823.1111419677734,812.4909008789062,805.022157796224,0.0077158684221635,-0.0020457069086773,0.0023963852518744,-0.006838548761021,5.0,0.8124274780273437,1.0,1.0,1.0
866.7369384765625,868.8292782387748,850.7452500143642,855.8765481732885,842.2463134765625,830.6984497070313,828.9913492838542,826.5361419677735,816.6716430664062,808.079335530599,0.0168916978702774,-0.0125302035959872,0.0024140424497078,-0.0184504522102247,5.0,0.8124387390136718,1.0,1.0,1.0
866.8863525390625,876.6009000430469,865.3918067692188,870.822001895629,851.2434692382812,836.6865905761719,831.2032755533854,830.0483245849609,821.1154248046874,811.1564371744792,0.0001723868637266,0.004539983061262,0.01120625267145,-0.0017240388725306,5.0,0.812444369506836,1.0,1.0,1.0
863.1002197265625,872.6154827135723,861.4063889508897,871.7685977323488,858.9752563476562,842.4854309082032,833.707470703125,832.3872894287109,825.2284155273437,814.5407552083333,-0.0043675076916491,0.0100433041351009,0.0110245169327198,-0.0019624960542929,5.0,0.812447184753418,0.0,0.0,0.0
863.548583984375,867.8329364909737,854.9300121267695,864.8438448612688,862.522314453125,846.8395446777344,836.4507934570313,834.3949615478516,828.6798217773437,817.8968404134115,0.0005194811072514,0.0014999282042911,0.0049613334861031,-0.0099804133982129,5.0,0.8124485923767091,1.0,1.0,1.0
893.33984375,905.1965984233786,878.7929552112493,886.763866369628,870.7223876953125,852.8426391601563,841.1071329752605,838.4053283691406,832.6333911132813,822.1961486816406,0.0344986493153279,-0.0073611150631855,0.0132723898484223,-0.0162837117817188,5.0,0.81245,1.0,1.0,1.0
892.8416748046875,897.5744033738956,883.7747875552848,897.5744033738956,875.9433349609375,859.09482421875,845.780078125,840.729345703125,836.4175805664063,826.5502583821615,-0.0005576477404403,0.005300747828828,0.005300747828828,-0.0101550896483255,5.0,0.6562250000000001,0.0,0.0,0.0
901.6594848632812,905.1965643941968,889.6034457015223,894.4856529277822,882.8979614257812,867.0707153320312,852.090380859375,844.1269470214844,840.618251953125,831.4125142415364,0.0098761183616598,-0.0079562540581346,0.0039228551246834,-0.0133709447570298,5.0,0.5781125,1.0,1.0,1.0
903.8515014648438,911.1747515230362,901.2111129060538,906.6911141453942,891.0482177734375,875.0117370605469,858.673026529948,848.0426574707031,844.1194750976563,836.1983825683594,0.0024310913802397,0.0031416805481303,0.0081022712761154,-0.0029212636749629,5.0,0.53905625,1.0,1.0,1.0
872.1671142578125,910.4275122868684,870.6227623777277,905.8940687111768,892.771923828125,877.647119140625,862.1503377278646,850.5310760498047,846.0703540039062,839.3618387858073,-0.0350548592945648,0.0386702891017223,0.0438681961330478,-0.0017707063873866,5.0,0.519528125,0.0,0.0,0.0
884.22314453125,887.4115211353617,866.0893096077635,872.167104999019,890.948583984375,880.8354858398437,865.5446207682292,853.567495727539,848.9139794921875,842.3525899251302,0.0138230736705738,-0.0136346120397269,0.0036058506541376,-0.02050821111802,5.0,0.5097640625,1.0,1.0,1.0
883.4260864257812,890.7493368497586,879.1915398020548,890.5500519048202,889.0654663085937,882.5044006347656,869.085038248698,856.6014251708984,850.3965698242188,845.1922281901042,-0.0009014218983051,0.0080640198297308,0.0082896017408837,-0.0047933230507816,5.0,0.50488203125,0.0,0.0,0.0
890.6995239257812,902.705696803402,883.8743946971132,886.2656923914194,886.8734741210938,884.8857177734375,873.6716349283854,860.7861541748047,852.6762524414063,848.3274556477865,0.0082332156722101,-0.0049779206289677,0.0134794872514394,-0.0076626618128031,5.0,0.502441015625,1.0,1.0,1.0
878.9922485351562,893.738422156135,876.8002357830533,891.7456943475371,881.9016235351562,886.4749206542969,877.3083658854167,864.48017578125,854.8144506835938,850.4164998372396,-0.013143911135177,0.0145091675536781,0.0167762271459768,-0.0024937793885623,5.0,0.5012205078125,0.0,0.0,0.0
868.5802001953125,882.7783852859728,863.6979929265676,871.818382759849,881.1842407226562,886.9780822753906,878.8261596679688,866.9088134765625,856.661708984375,851.9226684570312,-0.0118454381790004,0.0037281330656724,0.0163464295956408,-0.005620905550975,5.0,0.50061025390625,0.0,0.0,0.0
865.5413208007812,876.5013235577969,860.8583983692295,866.8365816912379,877.4478759765625,884.1982299804688,879.7062825520833,868.5204345703125,858.3435717773438,853.66962890625,-0.0034986744964344,0.0014964749334651,0.0126625991083542,-0.0054103973074551,5.0,0.500305126953125,0.0,0.0,0.0
862.4027709960938,869.0784213623825,848.2045852644641,865.1925777842247,873.243212890625,881.1543395996093,879.4173380533854,870.1245819091797,859.9297827148438,854.2043436686198,-0.0036261120402475,0.0032349232655046,0.0077407570926264,-0.0164635205371969,5.0,0.5001525634765625,0.0,0.0,0.0
872.565673828125,875.4052865800945,851.0940442311401,861.8547620454789,869.6164428710938,878.2449584960938,879.7959594726562,872.6578369140625,862.5522119140625,855.4996175130208,0.0117844041946814,-0.0122751926919782,0.0032543255334713,-0.0246074653645088,5.0,0.5000762817382812,1.0,1.0,1.0
858.7660522460938,876.252226172334,857.2216395819654,875.8038502638201,865.5712036132812,873.7364135742188,879.5070149739583,874.3740753173828,864.6983813476562,856.6072428385417,-0.0158149947859964,0.0198398597303237,0.0203619762105236,-0.0017984090778727,5.0,0.5000381408691406,0.0,0.0,0.0
867.7831420898438,869.1282090159476,854.5813205483829,858.3674911674398,865.4117919921875,873.2980163574218,879.7893188476562,875.4725677490235,866.6094091796875,858.1200561523438,0.0105000539089381,-0.0108502348867122,0.001550003521461,-0.0152132726497399,5.0,0.5000190704345703,1.0,1.0,1.0
857.7198486328125,879.2911516356231,855.6275087445794,867.5340696460868,863.8474975585938,870.6476867675781,877.4146525065104,875.741586303711,867.5858471679687,859.2608927408854,-0.0115965532964794,0.0114422221065746,0.0251495905535996,-0.0024394210901943,5.0,0.5000095352172851,0.0,0.0,0.0
860.1609497070312,867.0358849982674,856.87296097292,859.8122466644842,863.3991333007813,868.3211730957031,875.2359375,875.4127868652344,868.7794921875,860.5080078125,0.0028460354253312,-0.0004053927845315,0.0079926149792985,-0.0038225273249513,5.0,0.5000047676086425,1.0,1.0,1.0
870.871826171875,876.9994882819108,857.968901925903,858.7660416704332,863.0603637695312,866.3384033203125,873.183426920573,875.612060546875,870.7383422851562,862.636903889974,0.0124521770820819,-0.0139007648859829,0.007036238773473,-0.0148161002092465,5.0,0.5000023838043213,1.0,1.0,1.0
869.3773193359375,884.7711539404522,859.3140681490678,869.8256952590257,865.1826171875,865.3769104003907,870.8851481119792,875.9259155273437,872.5357836914062,864.7790873209635,-0.0017161042429251,0.0005157437548872,0.0177067359156242,-0.0115752400747657,5.0,0.5000011919021606,0.0,0.0,0.0
876.8998413085938,880.4867878252556,869.2776939854862,878.5936720959153,867.00595703125,866.2088745117187,871.2006632486979,876.5934783935547,873.7792456054688,866.6755004882813,0.008652769983006,0.0019316126056014,0.0040904859913182,-0.0086921526998261,5.0,0.5000005959510803,1.0,1.0,1.0
881.8816528320312,884.7711324321563,876.2522333534782,880.6361979721887,871.8383178710938,867.8429077148437,871.0445638020833,876.0205688476562,874.9609326171875,868.2945922851562,0.0056811636731546,-0.0014122698389777,0.0032764936098237,-0.0063834182970866,5.0,0.5000002979755401,1.0,1.0,1.0
849.7987670898438,878.792931314734,845.0660387182508,868.8292926376962,869.7658813476562,866.5825073242188,868.8027425130208,873.8684234619141,874.2834057617188,868.9438903808593,-0.0363800353926834,0.0223941552810471,0.0341188588966556,-0.005569234217414,5.0,0.5000001489877701,0.0,0.0,0.0
852.1900024414062,855.3783789753045,848.0052620414915,851.8911054442461,866.0295166015625,864.5449401855469,866.2354410807292,871.3949493408203,873.6955517578125,869.9535380045573,0.0028138842325593,-0.000350739854145,0.0037413916201363,-0.0049105720413593,5.0,0.5000000744938851,1.0,1.0,1.0
859.5631103515625,867.7333061297736,853.0369392603097,853.0369392603097,864.0666748046875,864.6246459960937,864.9401652018229,869.1805297851563,873.5540673828125,871.1242655436198,0.0086519530727106,-0.0075924280749828,0.0095050563243337,-0.0075924280749828,5.0,0.5000000372469425,1.0,1.0,1.0
853.8340454101562,863.8474903151784,852.5387845192723,863.7976842834571,859.453515625,863.229736328125,863.9570882161458,868.2638763427734,873.1654858398438,871.3916239420573,-0.0066650893604113,0.0116692920911987,0.0117276243069133,-0.0015169937271144,5.0,0.5000000186234712,0.0,0.0,0.0
842.3758544921875,851.8413113520025,836.048907366376,850.94455953473,851.5523559570313,861.6953369140625,862.4127237955729,866.1715118408204,871.1269262695313,871.0595031738281,-0.013419693182256,0.0101720686755772,0.0112366193894779,-0.0075108362758398,5.0,0.5000000093117356,0.0,0.0,0.0
849.3005981445312,851.7416410071575,838.9383894366507,843.372220878385,851.4527221679688,860.6093017578125,861.5392456054688,864.4652374267578,869.385283203125,870.4782918294271,0.0082204916195256,-0.0069803050640704,0.0028741800817744,-0.0122008729659661,5.0,0.5000000046558678,1.0,1.0,1.0
847.8558349609375,853.8838241237873,844.1692765331142,850.8947325574264,850.585888671875,858.3077026367188,859.891923014323,862.3230529785156,867.2331372070313,869.8439412434896,-0.0017011211186594,0.0035842149940843,0.0071096864753281,-0.0043480958387143,5.0,0.5000000023279338,0.0,0.0,0.0
831.266357421875,853.7343503343002,827.1314838849073,847.9056460702701,844.9265380859375,854.4966064453125,858.0586100260417,859.9367584228515,864.3297314453125,868.7828125,-0.0195663895381775,0.0200167954589198,0.0270286325337505,-0.0049741860717084,5.0,0.5000000011639669,0.0,0.0,0.0
835.7998046875,839.2372721879217,820.0572677669928,830.8179853573886,841.3196899414063,850.3866027832031,855.9263875325521,858.297738647461,862.8750390625,867.8578531901042,0.0054536638288661,-0.0059605413906194,0.0041127881116302,-0.0188352962422541,5.0,0.5000000005819835,1.0,1.0,1.0
815.6234741210938,835.3016613851007,809.6951574946708,820.0573056925914,835.9692138671875,843.7607849121093,853.1199625651042,855.8018463134765,860.1310522460938,865.2673075358073,-0.0241401475009318,0.0054361255066566,0.0241265582568133,-0.0072684477758702,5.0,0.5000000002909917,0.0,0.0,0.0
818.3136596679688,829.2238565457549,803.766771039738,816.022034858484,829.771826171875,840.6122741699219,850.3301432291667,853.5973907470703,857.5265551757813,862.7830403645834,0.0032983179521333,-0.0028004235080404,0.0133325366733008,-0.0177766660208668,5.0,0.5,1.0,1.0,1.0
814.4776611328125,840.6820188618005,811.2892845727065,820.3063654716311,823.09619140625,836.8410400390625,846.5705322265625,850.6929901123046,854.4776806640625,859.8769795735677,-0.0046876872820535,0.0071563710301296,0.0321732061902617,-0.0039146273891311,5.0,0.394625,0.0,0.0,0.0
825.8860473632812,830.9176728123407,808.150721586297,813.4813048509884,822.0201293945313,833.4733337402344,843.6711140950521,849.0489898681641,852.3534326171875,857.2781311035156,0.0140069970913646,-0.0150199201837785,0.0060923967236441,-0.0214743012472555,5.0,0.3419375,1.0,1.0,1.0
831.8641967773438,833.956536522182,823.3951041125426,833.8569244631793,821.2330078125,831.2763488769531,840.6687377929687,847.253042602539,850.8847924804687,855.9347005208333,0.0072384676229224,0.0023954963965937,0.0025152419745242,-0.0101808596855238,5.0,0.31559375,1.0,1.0,1.0
831.5154418945312,836.9456370595265,817.367063010166,834.9529093522419,824.4114013671875,830.1903076171875,837.3109903971355,845.942822265625,849.5237573242188,854.1777770996093,-0.0004192449731141,0.0041339790995087,0.0065304802429442,-0.0170151727454747,5.0,0.302421875,0.0,0.0,0.0
834.4547729492188,838.1911376042152,826.5834737507354,837.9420466272155,827.6396240234375,828.7057250976562,836.2880574544271,844.6575134277343,848.4058374023438,852.545399983724,0.0035349085616383,0.004179104477612,0.0044776119402984,-0.0094328649720148,5.0,0.2958359375,1.0,1.0,1.0
827.2311401367188,835.949324389891,825.0391273618471,834.4547785179186,830.1903198242187,826.6432556152344,834.6241333007813,842.4754791259766,846.5924560546875,850.4297871907552,-0.0086567098022214,0.0087323095453175,0.0105389942788316,-0.0026498189786585,5.0,0.29254296875,0.0,0.0,0.0
831.116943359375,836.8958416209915,828.376942727182,832.2627253176302,831.2364990234375,826.6283142089844,832.7277221679688,840.5624603271484,845.4864916992187,848.8339436848959,0.0046973609117447,0.0013786049814168,0.0069531710402368,-0.0032967690697266,5.0,0.290896484375,1.0,1.0,1.0
832.6115112304688,836.9456698382694,828.9249526649645,832.6115112304688,831.3859619140625,826.3094848632812,831.3128865559896,838.3480438232422,844.0796264648437,847.6349873860677,0.0017982642310872,0.0,0.0052054992626697,-0.0044277054974367,5.0,0.2900732421875,1.0,1.0,1.0
824.8897094726562,836.9456885176796,823.6940606121284,836.9456885176796,830.0608154296875,827.2361083984375,830.1471435546875,835.4984466552735,842.7664208984374,846.2799336751302,-0.0092741952923529,0.0146152617817607,0.0146152617817607,-0.0014494651185456,5.0,0.28966162109375,0.0,0.0,0.0
810.4423828125,826.8325195530136,808.3001762020526,824.8896586891468,825.2583374023437,826.4489807128906,827.5565958658855,833.5306274414063,840.7776782226563,844.547920735677,-0.0175142525046072,0.0178264071364457,0.0202236915147928,-0.0026432559005776,5.0,0.28925,0.0,0.0,0.0
817.2176513671875,821.9503797093255,813.1325230470919,817.2674573976178,823.2556396484375,826.7229797363282,825.5140502929687,831.7820098876953,838.6315112304687,842.7029866536458,0.0083599632723736,6.09458573821442e-05,0.0057912703356568,-0.0049988253597572,5.0,0.468625,1.0,1.0,1.0
824.6903686523438,827.480175262408,811.3390687719476,817.8154337800219,821.9703247070313,826.6034118652344,825.0756510416667,830.0383728027343,836.844033203125,841.5671305338542,0.0091440967686571,-0.0083363831246828,0.0033828533909316,-0.0161894698760869,5.0,0.5583125,1.0,1.0,1.0
826.83251953125,830.4692719219444,815.5736201489422,823.793621940611,820.8145263671875,826.100244140625,824.47783203125,828.6882965087891,834.8413403320312,840.2021097819011,0.0025975213975237,-0.003675348415616,0.004398414799597,-0.0136169044109328,5.0,0.6031562500000001,1.0,1.0,1.0
811.0402221679688,827.7791236815174,808.2504153845819,823.9929529888332,818.04462890625,824.0527221679688,824.1722819010416,827.1215148925781,832.0076831054688,838.6461222330729,-0.0190997535658542,0.0159705159705161,0.0206388056424677,-0.0034397884434504,5.0,0.6255781250000001,0.0,0.0,0.0
821.4522094726562,828.3270837269605,810.043830933397,816.022014187518,820.2465942382812,822.7524658203125,824.3815185546875,825.7290954589844,830.8738208007812,837.3558308919271,0.0128378186680501,-0.0066104822928459,0.0083691712981301,-0.0138880611771475,5.0,0.6367890625000001,1.0,1.0,1.0
818.2140502929688,824.5907427919228,816.8191165017959,821.9006089011598,820.4458740234375,821.8507568359375,824.6306111653646,824.2470062255859,829.5147827148437,835.6005716959636,-0.00394199338969,0.004505616356589,0.0077934282559324,-0.0017048519157956,5.0,0.6423945312500001,0.0,0.0,0.0
821.9503784179688,829.1740164025146,815.0256374287593,819.9078446677419,819.8978759765625,820.9341003417969,824.368233235677,823.7812072753907,828.0102734375,834.0196736653646,0.0045664433697541,-0.0024849842567846,0.008788411288829,-0.0084247676879688,5.0,0.645197265625,1.0,1.0,1.0
825.3380126953125,829.6722321506409,812.3354759557801,823.893333690096,819.598974609375,820.2067504882813,823.933154296875,823.2581176757812,826.8704321289063,832.3009460449218,0.0041214583827603,-0.0017504089027701,0.0052514477567489,-0.0157541959046207,5.0,0.6465986328125,1.0,1.0,1.0
840.5823974609375,849.3005812633875,828.0779823279871,831.8642136584875,825.5074096679688,821.7760192871094,824.5376180013021,824.5060638427734,826.7986938476563,830.9243041992188,0.0184704745584676,-0.0103715992968494,0.0103715992968496,-0.0148758945829953,5.0,0.6472993164062499,1.0,1.0,1.0
844.8169555664062,849.499817137354,836.0489047989236,842.4256579365065,830.1803588867188,825.2134765625,825.2284301757812,825.8312286376953,826.6193481445313,830.7582438151042,0.0050376478478013,-0.0028305511793339,0.0055430487516767,-0.0103786396682866,5.0,0.647649658203125,1.0,1.0,1.0
831.9638671875,849.3006235955004,831.0671153406897,846.6104288682966,832.930322265625,826.6880981445313,825.5439453125,826.7055389404297,825.9836694335937,830.0840393066406,-0.015214051155364,0.0176048050383608,0.0208383525916915,-0.0010778735497753,5.0,0.6478248291015625,0.0,0.0,0.0
822.0001831054688,836.746356045807,815.8227150213041,834.4049253040688,832.940283203125,826.4190795898437,824.9361612955729,826.5112457275391,825.6130224609375,828.8319417317708,-0.0119761019378329,0.0150909238873107,0.0179393791429924,-0.007515166311553,5.0,0.6479124145507813,0.0,0.0,0.0
817.4667358398438,822.6976460711866,815.0256322359056,822.0001792110295,831.3660278320312,825.4825012207032,823.9265096028646,825.791372680664,824.8796997070312,827.619698079427,-0.0055151414303801,0.005545722134526,0.0063989273226741,-0.002986180962373,5.0,0.6479562072753906,0.0,0.0,0.0
817.4169311523438,824.1423871751163,816.4205672971182,820.0074528506408,826.7329345703125,826.1201721191406,823.4283243815104,825.0864471435547,824.9514379882812,826.7877339680989,-6.092564420842394e-05,0.0031691559100017,0.0082276935630527,-0.0012189175648967,5.0,0.6479781036376953,0.0,0.0,0.0
824.9395141601562,826.384253997053,808.2006125797517,818.0147728002372,822.7574462890625,826.4689025878906,824.3947998046875,824.6106842041015,825.2164721679687,825.9756978352865,0.0092028715348575,-0.0083942413244307,0.0017513282029744,-0.0202910653364033,5.0,0.6479890518188476,1.0,1.0,1.0
832.4620361328125,837.9420375675587,825.1387858134876,825.1387858134876,822.857080078125,827.893701171875,825.4110921223959,824.8722290039062,825.9358471679687,825.4625712076823,0.0091188770128373,-0.0087970982476809,0.0065828845002993,-0.0087970982476809,5.0,0.6479945259094237,1.0,1.0,1.0
834.803466796875,845.3649605932727,827.5300225112397,840.9311290888675,825.4177368164062,829.1790100097656,826.0852986653646,825.0565551757812,826.2925439453124,825.5804748535156,0.0028126575896957,0.0073402453819511,0.0126514733305096,-0.0087127624344246,5.0,0.6479972629547119,1.0,1.0,1.0
829.472900390625,843.8703701035934,822.3987414212913,838.8387448524569,827.8189697265625,829.5924987792969,826.2613240559896,824.899624633789,826.1968920898438,825.3695780436198,-0.0063854147931408,0.0112913206174924,0.017357372020458,-0.0085284992023274,5.0,0.647998631477356,0.0,0.0,0.0
841.977294921875,846.8096962868709,830.6685890709517,835.9493055368469,832.7310424804688,829.7319885253906,828.3237955729167,825.75400390625,826.6153662109375,826.2480387369792,0.0150751091751897,-0.0071593253421251,0.0057393487854613,-0.0134311292229947,5.0,0.6479993157386781,1.0,1.0,1.0
862.9009399414062,866.7867834609763,830.0707374065787,842.4754800740394,840.3233276367188,831.5403869628906,831.0870442708333,828.3769317626953,827.753212890625,827.7342814127604,0.0248506048152672,-0.0236706890929494,0.0045032324565945,-0.0380463168078792,5.0,0.647999657869339,1.0,1.0,1.0
852.3394775390625,875.4052644463751,841.7779841185312,868.8292872853308,844.2988159179688,833.5779479980469,833.3620727539062,830.133023071289,828.7575463867188,828.9963419596354,-0.0122394841788686,0.0193465282094862,0.0270617371542027,-0.0123911817988593,5.0,0.6479998289346696,0.0,0.0,0.0
849.5496826171875,862.7016371208363,847.4074759599588,856.77332071326,847.2480590820312,836.3328979492187,835.2020263671875,831.3759887695312,829.4948559570313,829.7851298014323,-0.0032731030245482,0.0085029024715996,0.0154810893026666,-0.0025215790212872,5.0,0.6479999144673347,0.0,0.0,0.0
848.1547241210938,858.6165445067284,843.6710868129646,849.5496578311343,850.984423828125,839.4016967773438,836.7231404622396,832.4420989990234,830.1165844726562,830.3281473795573,-0.0016419975483909,0.0016446689151983,0.0123348017621145,-0.0052863436123348,5.0,0.6479999572336674,0.0,0.0,0.0
849.3005981445312,853.6347567100362,838.44020749518,851.7915078518847,852.4490844726563,842.5900634765625,837.3043538411458,834.3551177978516,831.0930200195312,830.920985921224,0.0013510200330781,0.0029328952702911,0.005103209128751,-0.0127874520200245,5.0,0.6479999786168338,1.0,1.0,1.0
849.6990966796875,858.2678624547283,846.3114960076035,852.8874732282324,849.8087158203125,845.0660217285156,837.6298299153646,835.7674621582031,832.6632885742188,831.429130045573,0.0004692078823762,0.0037523595835324,0.0100844708538874,-0.0039868239066294,5.0,0.647999989308417,1.0,1.0,1.0
856.7234497070312,866.736955255936,851.7914971987343,853.7842249396946,850.6855102539063,847.4921630859375,839.28046875,837.6929321289062,834.2435205078125,832.41220703125,0.0082668712427638,-0.0034307742695052,0.0116881422497878,-0.0057567614263196,5.0,0.6479999946542085,1.0,1.0,1.0
865.5911254882812,869.3274900587343,854.5813167166581,857.7696933127564,853.893798828125,850.5709289550781,842.1865315755208,839.8749694824219,835.87955078125,833.5613464355469,0.0103506864254531,-0.0090359431205035,0.0043165467625898,-0.0127194104091726,5.0,0.6479999973271042,1.0,1.0,1.0
893.8380126953125,901.2111297348512,865.1925511365763,868.2315096220832,863.0304565429688,857.0074401855469,847.2779500325521,843.2999694824218,838.5597705078125,835.6022298177083,0.0326330600849184,-0.0286478116946654,0.0082488291332627,-0.0320477101576354,5.0,0.6479999986635521,1.0,1.0,1.0
924.6754760742188,953.6697011378689,904.6983926718088,904.6983926718088,878.1054321289063,865.2772583007812,854.4285196940104,847.5046234130859,843.1051806640625,838.9284220377605,0.0345000581099899,-0.021604426546732,0.0313561090500067,-0.021604426546732,5.0,0.647999999331776,1.0,1.0,1.0
939.222412109375,944.5529344075884,914.2136428644468,924.17728141305,896.0100952148438,872.9094055175781,862.0473795572917,852.2248962402343,847.8159887695313,843.2210896809896,0.0157319366756825,-0.0160187092027921,0.0056754632656621,-0.02662710016551,5.0,0.6479999996658881,1.0,1.0,1.0
944.1543579101562,950.9794867559552,939.5711085352734,946.545655470318,913.4962768554688,882.0908935546875,869.4935343424479,857.8344207763672,852.8536010742188,847.4523132324218,0.0052510946685191,0.0025327400547667,0.0072288273507585,-0.0048543432930052,5.0,0.648,1.0,1.0,1.0
944.1543579101562,950.9794867559552,939.5711085352734,946.545655470318,913.4962768554688,882.0908935546875,869.4935343424479,857.8344207763672,852.8536010742188,847.4523132324218,0.0052510946685191,0.0025327400547667,0.0072288273507585,-0.0048543432930052,5.0,0.648,1.0,1.0,1.0
962.4874877929688,964.978397440466,944.552938330988,946.5456660489858,932.8755493164062,893.3846740722656,878.0058024088542,864.8587860107422,858.4750854492188,852.0455505371094,0.0194175133856206,-0.0165631469979296,0.0025879917184266,-0.0186335403726708,5.0,0.741625,1.0,1.0,1.0
981.61767578125,989.19001670515,961.8398168990516,962.437671696132,950.4314819335938,906.7309692382812,888.1487874348958,873.0663330078125,864.7262719726563,857.2050557454427,0.0198757783668935,-0.0195391796198586,0.0077141448353337,-0.0201482301818348,5.0,0.7884375,1.0,1.0,1.0
968.017333984375,988.3929878831188,961.4911626080744,988.3929878831188,959.099853515625,918.6026428222656,896.5514567057292,880.5963531494141,869.8236694335938,862.4376261393229,-0.0138550294401033,0.0210488523122589,0.0210488523122589,-0.0067417918534979,5.0,0.81184375,0.0,0.0,0.0
974.7926025390624,981.4184468353736,966.22389727777,968.7148070413116,966.2138916015624,931.1119934082031,904.0109008789062,888.0890075683594,875.0226953125,867.5489725748698,0.0069991190413919,-0.0062349626801843,0.0067971836050588,-0.0087902854812124,5.0,0.823546875,1.0,1.0,1.0
974.39404296875,978.7780074374566,968.9638478029932,975.4402128525765,972.2618286132812,942.879052734375,912.147871907552,895.1856079101562,880.71990234375,872.7549723307292,-0.0004088660185503,0.0010736620275704,0.0044991700229917,-0.0055728944618874,5.0,0.8293984375000001,0.0,0.0,0.0
988.5922241210938,994.3711222883816,964.4802067887308,973.8460513039108,977.4827758789064,955.1791625976564,921.4173746744792,902.8750457763672,887.383583984375,878.3097005208333,0.0145712930562313,-0.0149163350240723,0.0058455832711263,-0.0243902559053604,5.0,0.8323242187500001,1.0,1.0,1.0
983.3115234375,996.513344658735,979.4256800357714,988.7416578552776,977.8215454101562,964.126513671875,930.4278279622396,910.5669769287108,894.0173754882812,883.5754842122395,-0.0053416368799466,0.0055222930763536,0.0134258786829666,-0.0039517928033064,5.0,0.833787109375,0.0,0.0,0.0
1010.41259765625,1019.2304545805692,982.614081582027,983.311548468454,986.3005981445312,972.700225830078,941.1686279296875,918.9887420654296,901.7372021484376,889.2364908854166,0.0275610257510346,-0.0268217649410346,0.008726986326945,-0.0275120442269865,5.0,0.8345185546875,1.0,1.0,1.0
1005.5304565429688,1009.4661060969164,994.670065745477,1006.3275354975492,992.4481689453124,979.3310302734376,951.5573852539062,926.1202178955078,908.96083984375,894.5936075846354,-0.004831829219673,0.0007926949893899,0.0039140033286295,-0.0108006582265344,5.0,0.83488427734375,0.0,0.0,0.0
986.4500732421876,1007.722479129036,981.6177326220578,1005.4806603399234,994.859375,983.5606018066406,960.2058268229168,932.825747680664,915.120361328125,899.7431477864583,-0.0189754404519778,0.0192919921787704,0.0215646047011097,-0.0048987178887291,5.0,0.8350671386718751,0.0,0.0,0.0
989.7879028320312,1000.6482326373552,986.4500473457092,990.6845938362002,995.0985107421876,986.2906433105468,968.4856119791668,939.8376586914062,921.3197387695312,905.3360717773436,0.0033836781813733,0.0009059425778019,0.0109723808244674,-0.0033722936770307,5.0,0.8351585693359376,1.0,1.0,1.0
1008.4697265625,1022.0701178645602,986.4002422712424,989.3893339144884,1000.1301513671876,988.975848388672,976.1277262369792,947.8534088134766,928.4796118164064,911.7028381347656,0.0188745727008941,-0.0189201442001134,0.0134861671538906,-0.0218841316798714,5.0,0.8352042846679688,1.0,1.0,1.0
1051.861328125,1056.1457415763157,1008.270468000525,1011.3093657546794,1008.4198974609376,997.3602478027344,984.6067830403646,957.9814453125,936.8749731445312,919.5176513671876,0.0430271731709844,-0.0385525746465141,0.0040731732755616,-0.0414416415538139,5.0,0.8352271423339844,1.0,1.0,1.0
1053.0570068359375,1057.6402563488052,1043.591549996264,1051.1638911427128,1017.9252075195312,1005.1866882324218,992.1957560221356,968.1493408203124,944.4812158203124,927.1215677897136,0.0011367265617311,-0.0017977333429581,0.0043523280155921,-0.0089885512163429,5.0,0.8352385711669923,1.0,1.0,1.0
1056.9925537109375,1064.365670440872,1040.8016413358716,1053.0569651995766,1032.0337036132812,1013.4465393066406,999.718302408854,978.1627960205078,952.6673388671876,934.6059183756512,0.0037372590937169,-0.0037233833838693,0.0069755616575051,-0.0153179058056956,5.0,0.8352442855834962,1.0,1.0,1.0
1047.5770263671875,1064.166509589185,1043.591570776387,1055.149367664418,1043.5915283203126,1019.34501953125,1005.390938313802,987.2620910644532,960.5884326171876,941.698370361328,-0.0089078464277667,0.0072284339066597,0.0158360510057449,-0.0038044511195719,5.0,0.835247142791748,0.0,0.0,0.0
1048.8721923828125,1058.0885581371194,1028.944915076203,1031.2366006170423,1051.672021484375,1025.9010864257812,1009.8745727539062,995.013800048828,968.6171313476564,949.0116800944012,0.0012363444243488,-0.0168138614922239,0.0087869292571951,-0.0189987659615029,5.0,0.835248571395874,1.0,1.0,1.0
1032.4820556640625,1046.182058815214,1012.2060753256478,1046.182058815214,1047.7961669921874,1028.1080322265625,1014.1722208658854,1000.4041290283204,975.9443896484376,955.3618387858072,-0.0156264384143077,0.0132689987937273,0.0132689987937273,-0.0196380946547044,5.0,0.835249285697937,0.0,0.0,0.0
1047.278076171875,1050.5661257088043,1034.325345407473,1039.655867973686,1046.640380859375,1032.2827941894532,1019.0045857747396,1005.8069122314452,983.847548828125,961.507743326823,0.0143305352636817,-0.0072781130166024,0.003139614598778,-0.0123679957206287,5.0,0.8352496428489685,1.0,1.0,1.0
1003.5875244140624,1032.4322102700962,988.8911570920396,1031.1370101938564,1035.959375,1033.996539306641,1020.9508178710936,1008.7785705566406,989.7221118164064,966.5493448893228,-0.0417181957226823,0.0274510046304914,0.0287415747549018,-0.0146438322164308,5.0,0.8352498214244843,0.0,0.0,0.0
1027.9984130859375,1032.9802323885106,992.776974942036,1003.3384075382012,1032.04365234375,1037.8175903320312,1023.5778971354168,1012.0541168212892,996.2184033203124,972.497635904948,0.0243236270659374,-0.0239883692755027,0.0048461352071722,-0.0342621522519384,5.0,0.8352499107122422,1.0,1.0,1.0
1001.5449829101562,1029.742068511294,992.4282290958693,1028.0980437863489,1022.5782104492188,1037.1251159667968,1024.7934611002604,1013.0504821777344,1000.5266821289064,977.61064453125,-0.0257329484550185,0.0265121001345722,0.0281535887876014,-0.0091026903133164,5.0,0.8352499553561211,0.0,0.0,0.0
1036.616943359375,1039.207464967851,1003.1390824966388,1006.2776528570652,1023.4051879882812,1035.6006774902344,1026.5404174804687,1016.4804626464844,1005.0043408203124,983.854522705078,0.0350178584563534,-0.0292676004349194,0.002499015306542,-0.0322953054908055,5.0,0.8352499776780606,1.0,1.0,1.0
1013.2024536132812,1053.1067540202257,1004.534075697066,1038.161295824415,1016.5900634765624,1031.6152221679688,1027.051883951823,1018.4009552001952,1007.9635424804688,989.3046346028646,-0.0225874079100175,0.024633618012003,0.0393843306089891,-0.0085554253104126,5.0,0.8352499888390303,0.0,0.0,0.0
1088.776611328125,1096.9966131981384,986.4998364626092,997.3602268949468,1033.627880859375,1034.7936279296875,1033.873653157552,1024.120083618164,1013.7484326171876,997.0397399902344,0.0745893946913879,-0.0839624799816974,0.0075497597803708,-0.0939373364576183,5.0,0.83525,1.0,1.0,1.0
1044.9366455078125,1087.0330204996649,1036.26832818374,1087.0330204996649,1037.01552734375,1034.52958984375,1037.5502360026042,1026.9373046875,1017.0463989257812,1003.0179239908854,-0.0402653449423707,0.0402860548271752,0.0402860548271752,-0.0082955434296783,5.0,0.667625,0.0,0.0,0.0
1054.551513671875,1061.1274906973863,1042.5452807368804,1051.1638522870826,1047.6168334960937,1035.0975219726563,1040.6223551432292,1030.4993041992188,1019.9637524414062,1008.375040690104,0.0092013886252308,-0.0032124190623906,0.0062358044536054,-0.0113851554706794,5.0,0.5838125000000001,1.0,1.0,1.0
1019.3798828125,1056.095868239949,1009.466110647891,1055.149371184557,1044.1694213867188,1033.7873046875,1038.456925455729,1030.947668457031,1022.0182543945313,1011.5318542480468,-0.0333522169409342,0.0350894587730805,0.0360179615533986,-0.0097252970475114,5.0,0.54190625,0.0,0.0,0.0
1024.7103271484375,1041.0507182033716,1011.8572702941494,1024.461236192193,1046.47099609375,1031.5305297851562,1036.5671468098958,1031.9066619873047,1024.0149633789065,1014.3814514160156,0.0052291048958418,-0.0002430842645431,0.0159463514927249,-0.0125431124423772,5.0,0.520953125,1.0,1.0,1.0
1035.1224365234375,1039.0580251124222,1016.4406141837366,1033.229320867725,1035.7401611328123,1034.6840209960938,1035.1091389973958,1034.340280151367,1026.4440991210938,1017.413720703125,0.0101610270718894,-0.0018288809023121,0.0038020512841001,-0.0180479348920749,5.0,0.5104765625000001,1.0,1.0,1.0
1060.77880859375,1066.6075128534137,1033.976596416282,1038.2111428241542,1038.90859375,1037.962060546875,1035.9892578125,1037.889825439453,1029.3315625,1020.690098063151,0.0247858332164859,-0.0212746197291716,0.0054947404797713,-0.025266541865593,5.0,0.50523828125,1.0,1.0,1.0
1053.45556640625,1070.891934098224,1031.535561307768,1068.550381707,1038.689404296875,1043.1531188964843,1036.294816080729,1040.139117431641,1032.13732421875,1023.0846944173176,-0.0069036467623332,0.0143288580763252,0.016551592917636,-0.0208077168107427,5.0,0.502619140625,0.0,0.0,0.0
1071.4398193359375,1081.0547546123871,1048.7725422230972,1054.850337255537,1049.1013916015625,1046.6354064941406,1038.892000325521,1041.1180419921875,1034.5784130859374,1026.5321105957032,0.0170716767780143,-0.015483354063397,0.0089738453835035,-0.0211559032096541,5.0,0.5013095703125,1.0,1.0,1.0
1096.1497802734375,1101.4803028684055,1066.6075660069,1081.0548427066665,1063.3892822265625,1054.9301391601562,1042.1501139322916,1043.2726806640626,1038.2031860351562,1030.5773498535157,0.023062388098302,-0.013770871315602,0.0048629509314304,-0.0269508919293567,5.0,0.50065478515625,1.0,1.0,1.0
1082.1507568359375,1099.2384212467762,1071.0911423886555,1086.0366001894276,1072.7949462890624,1054.2675537109376,1047.3876627604166,1044.5305908203125,1042.0312133789062,1034.1692403157551,-0.0127710862962613,0.0035908521330723,0.0157904657025798,-0.0102200311531626,5.0,0.500327392578125,0.0,0.0,0.0
1082.8980712890625,1090.8192372033648,1066.856636959165,1084.9406659174776,1077.218798828125,1058.0636962890626,1051.0476399739584,1046.2966430664062,1045.7556201171874,1037.3127685546874,0.000690582572164,0.0018862298147632,0.0073147843959802,-0.0148134295878855,5.0,0.5001636962890625,1.0,1.0,1.0
1071.1907958984375,1091.018461673316,1060.728975033077,1089.0257338894378,1080.7658447265626,1059.727624511719,1055.690694173177,1047.4125732421876,1048.264462890625,1040.2420776367187,-0.0108110594164129,0.0166496370761304,0.0185099291842294,-0.0097665335675199,5.0,0.5000818481445313,0.0,0.0,0.0
1093.26025390625,1096.0002545426066,1067.4544054058208,1071.1907699099434,1085.129931640625,1067.1156616210938,1059.466914876302,1050.451483154297,1049.920419921875,1043.0036661783854,0.0206027330446787,-0.0201868529633741,0.0025062656641605,-0.0236044879599566,5.0,0.5000409240722656,1.0,1.0,1.0
1101.7293701171875,1109.3515781923277,1081.6526134311816,1097.9930055339278,1086.245849609375,1074.8175659179688,1065.3687093098958,1053.1740478515626,1051.867314453125,1046.2102966308594,0.0077466606699339,-0.0033913633280578,0.0069184032684264,-0.0182229476952859,5.0,0.5000204620361328,1.0,1.0,1.0
1103.074462890625,1112.9384899468685,1088.5275740975414,1105.9639425613464,1090.4305908203123,1081.6127685546876,1066.3218994140625,1058.148394775391,1053.7105908203123,1050.0977762858072,0.0012208921808941,0.0026194783470459,0.0089423038861715,-0.0131875855007677,5.0,0.5000102310180664,1.0,1.0,1.0
1094.455810546875,1108.8533409995532,1082.1009962416326,1108.8533409995532,1092.742138671875,1084.98046875,1069.6231770833333,1061.4712646484377,1055.5857421875,1053.5867065429688,-0.0078133005827772,0.0131549673490098,0.0131549673490098,-0.0112885455823648,5.0,0.5000051155090333,0.0,0.0,0.0
1091.068359375,1103.07447163654,1087.033036847943,1096.946809202528,1096.7176513671875,1088.741748046875,1072.0576334635416,1065.9474334716797,1057.2735888671875,1056.3399943033853,-0.0030951009069816,0.0053877924119212,0.0110039963659265,-0.0036985056824198,5.0,0.5000025577545166,0.0,0.0,0.0
1093.3101806640625,1099.686812466048,1062.7217352715177,1095.0039506815046,1096.72763671875,1090.9287841796877,1076.9863199869792,1068.7820953369142,1059.7067138671875,1057.7216227213542,0.0020547028697144,0.0015492127004739,0.0058324086931234,-0.0279778291042399,5.0,0.5000012788772583,1.0,1.0,1.0
1113.1875,1120.7598408570784,1080.9551541082385,1093.3100900468637,1099.0192626953126,1092.6325561523438,1082.8847981770834,1073.78134765625,1062.3430908203125,1059.7259724934895,0.0181808600043075,-0.0178562999972028,0.0068023947960953,-0.0289550016432647,5.0,0.5000006394386292,1.0,1.0,1.0
1106.611572265625,1129.3784626933505,1098.9893642265245,1124.0976854567316,1099.7266845703125,1095.0786376953124,1087.650740559896,1074.673095703125,1066.464052734375,1061.3799397786458,-0.0059072957020942,0.0158014913537425,0.0205735155842565,-0.0068878802916322,5.0,0.5000003197193146,0.0,0.0,0.0
1105.067138671875,1121.2580514828965,1082.2503818313612,1108.5544122004026,1101.8489501953125,1097.2955444335937,1090.6032958984374,1077.679620361328,1069.5468017578123,1063.2962768554687,-0.0013956420052503,0.0031557119078924,0.0146515195723586,-0.0206473942098541,5.0,0.5000001598596573,0.0,0.0,0.0
1081.403564453125,1112.7392829507944,1060.5795340418072,1112.7392829507944,1099.9159912109376,1098.3168212890623,1092.4664957682292,1079.0222229003907,1072.7411450195314,1064.3806559244792,-0.0214136982185445,0.0289768958857798,0.0289768958857798,-0.0192564839767739,5.0,0.5000000799298286,0.0,0.0,0.0
1106.810791015625,1122.9020919919085,1092.3635147655073,1099.9857227675836,1102.61611328125,1099.671875,1094.824560546875,1083.3937683105469,1075.5488989257813,1066.858280436198,0.023494676176094,-0.0061664272732456,0.0145384388252283,-0.0130530677577336,5.0,0.5000000399649143,1.0,1.0,1.0
1067.4544677734375,1107.3588916595209,1063.2199210880224,1102.9748660599175,1093.4695068359374,1096.244384765625,1092.9115397135415,1085.5309753417969,1077.7189794921876,1067.5308268229169,-0.035558311828595,0.03327579710315,0.0373827878291788,-0.0039669576672883,5.0,0.5000000199824571,0.0,0.0,0.0
1058.088623046875,1073.78135488852,1039.6061451870332,1072.3865426926495,1083.7649169921874,1091.74580078125,1091.3073974609374,1086.679284667969,1076.4914599609374,1069.347530110677,-0.0087739992752087,0.0135129698347971,0.0148312074242478,-0.0174677975523633,5.0,0.5000000099912285,0.0,0.0,0.0
1078.165283203125,1087.1824245744608,1058.1383944138024,1058.1383944138024,1078.3845458984374,1090.116748046875,1090.9918782552083,1087.5486083984374,1077.82060546875,1071.0197591145834,0.0189744599071835,-0.0185749709263728,0.0083634128382865,-0.0185749709263728,5.0,0.5000000049956143,1.0,1.0,1.0
1069.74609375,1091.9649350834222,1059.5333640786887,1091.9649350834222,1076.0530517578125,1087.984521484375,1090.8955647786458,1088.363134765625,1078.428388671875,1073.2931294759114,-0.0078088114914184,0.0207702009507078,0.0207702009507078,-0.0095468725999368,5.0,0.5000000024978071,0.0,0.0,0.0
1050.11767578125,1074.8275489642178,1045.683905110495,1066.109364905412,1064.7144287109377,1083.6652709960938,1088.019392903646,1087.2970275878906,1079.657900390625,1073.743153889974,-0.0183486699165616,0.0152284734301464,0.0235305754324957,-0.0042221655467863,5.0,0.5000000012489035,0.0,0.0,0.0
1038.7093505859375,1064.614811607745,1020.2268126734084,1056.145718581385,1058.9654052734377,1076.2174560546875,1083.8180582682292,1084.4250061035157,1080.217861328125,1074.5933837890625,-0.0108638540788537,0.0167865707434053,0.0249400479616306,-0.0177937532786272,5.0,0.5000000006244518,0.0,0.0,0.0
1069.74609375,1073.4824582638944,1021.073743007626,1033.3289456373302,1061.2968994140624,1072.530908203125,1081.5961669921876,1083.804772949219,1081.6028076171874,1073.959033203125,0.0298801037523679,-0.0340427960666902,0.0034927582682695,-0.0454989749686793,5.0,0.5,1.0,1.0,1.0
1061.4761962890625,1069.746064840236,1046.2319024602182,1069.746064840236,1057.95908203125,1068.1718139648438,1079.3975260416669,1082.7336791992188,1081.630703125,1074.5103515625,-0.0077307105950229,0.007790912862752,0.007790912862752,-0.0143614090284253,5.0,0.5,0.0,0.0,0.0
1052.758056640625,1063.1701322154863,1032.8806457840408,1063.1202653706523,1054.561474609375,1065.3072631835937,1076.843505859375,1081.812042236328,1081.602802734375,1074.4505696614583,-0.0082132220005651,0.0098429156297255,0.0098902834408949,-0.0188812716570543,5.0,0.5,0.0,0.0,0.0
1042.4456787109375,1053.3558142246454,1028.2474938396058,1053.0569780453272,1053.0270751953126,1058.870751953125,1073.4525390625,1079.2713134765625,1080.443037109375,1075.2194295247396,-0.0097955820567116,0.0101792348043605,0.0104659031511351,-0.0136200716845877,5.0,0.5,0.0,0.0,0.0
1044.0399169921875,1051.811604276426,1030.2901677700545,1044.4883537353874,1054.0931884765623,1056.529296875,1068.8427001953123,1076.3868408203125,1078.358642578125,1075.863749186198,0.0015293250418778,0.0004295206877642,0.0074438602947559,-0.0131697543344369,5.0,0.5,1.0,1.0,1.0
1080.008544921875,1084.8907521047731,1046.1820409161642,1046.1820409161642,1056.1456787109375,1058.7212890625,1067.0691650390625,1075.233544921875,1078.2729541015624,1077.359952799479,0.0344513915074347,-0.0313205892349284,0.0045205264401415,-0.0313205892349284,5.0,0.5,1.0,1.0,1.0
1061.07763671875,1086.0365998897305,1057.839454196143,1086.0365998897305,1056.065966796875,1057.0125244140625,1064.1365315755208,1073.5646362304688,1077.40013671875,1077.3699137369792,-0.017528480021882,0.0235222780193189,0.0235222780193189,-0.0030517866087732,5.0,0.5,0.0,0.0,0.0
1097.09619140625,1111.9420368326196,1055.8467044242673,1059.134753721393,1064.93359375,1059.7475341796876,1065.182706705729,1073.8660278320312,1078.4363525390625,1078.824601236979,0.0339452585193321,-0.0346017404692639,0.0135319450952977,-0.0375987878775784,5.0,0.5,1.0,1.0,1.0
1088.876220703125,1105.9638852372605,1079.859200740798,1105.9638852372605,1074.2197021484376,1063.623388671875,1063.9870686848958,1073.6443298339843,1078.2609912109374,1079.4058146158854,-0.0074924794813011,0.0156929357159634,0.0156929357159634,-0.0082810330420335,5.0,0.5,0.0,0.0,0.0
1099.537353515625,1111.942034551577,1076.172548720552,1095.00384943744,1085.319189453125,1069.7061889648437,1066.125927734375,1072.9618225097656,1078.173310546875,1079.5187337239583,0.0097909501647632,-0.0041231014696223,0.0112817277160159,-0.0212496689815649,5.0,0.5,1.0,1.0,1.0
1147.41259765625,1151.4976651598283,1097.195834751706,1099.5373871255078,1098.8,1077.4728393554688,1072.080859375,1075.0018737792968,1079.9468359375,1081.6941284179688,0.0435412621386169,-0.0417244944220883,0.0035602428559027,-0.0437652183766491,5.0,0.5,1.0,1.0,1.0
1186.071533203125,1210.3828350961385,1154.785684466912,1167.8380263767538,1123.798779296875,1089.932373046875,1079.274609375,1079.0520935058594,1083.61146484375,1085.1332438151042,0.0336922704403291,-0.0153730245739306,0.0204973319166998,-0.0263777081401843,5.0,0.5,1.0,1.0,1.0
1215.5140380859375,1220.3465000911176,1179.6948060953607,1190.0570145282447,1147.4823486328123,1106.2079711914062,1088.9924723307292,1085.7576171875,1088.5892919921876,1089.9440185546875,0.024823549051295,-0.0209434220914304,0.0039756529778871,-0.0294683819916889,5.0,0.5,1.0,1.0,1.0
1213.5213623046875,1224.5312320407447,1208.1410945505036,1221.5421403433304,1172.411376953125,1123.3155395507813,1099.8860514322917,1091.0931457519532,1093.3977392578124,1093.952722167969,-0.0016393687928013,0.0066095070822733,0.009072662482964,-0.0044335995404035,5.0,0.5,0.0,0.0,0.0
1227.8192138671875,1236.1885728573718,1211.6283013988195,1212.574798400238,1198.0677490234375,1141.6934692382813,1112.4933756510416,1099.1113830566403,1097.9830078125,1098.1557169596354,0.01178211773326,-0.0124158469706098,0.0068164424335923,-0.013186723489505,5.0,0.5,1.0,1.0,1.0
1302.09814453125,1386.938555341703,1299.258531728147,1305.2367151563442,1229.0048583984376,1163.902429199219,1127.9835123697917,1111.3118591308594,1105.802470703125,1104.7898396809896,0.0604966348670425,0.0024103948218312,0.0651566943450296,-0.0021807978262077,5.0,0.5,1.0,1.0,1.0
1309.32177734375,1348.827630324529,1298.2621623733048,1310.1686623338987,1253.6549072265625,1188.7268432617188,1144.5065511067708,1122.8696838378903,1113.97265625,1111.9520385742187,0.0055476868950615,0.0006468119638756,0.0301727609395801,-0.0084468273283302,5.0,0.5,1.0,1.0,1.0
1337.8675537109375,1345.0911915917077,1289.8926102188773,1319.1358647626375,1278.1256103515625,1212.8039794921874,1163.5138509114583,1136.2757568359375,1124.2312158203124,1120.1786783854166,0.0218019564488562,-0.0140011534746787,0.0053993669707688,-0.0358592622707597,5.0,0.5,1.0,1.0,1.0
1304.5889892578125,1337.8675663410932,1298.8101518745088,1334.9283416193343,1296.3391357421874,1234.3752563476562,1180.9900716145833,1148.9993225097655,1132.14234375,1127.2213053385417,-0.0248743340555781,0.0232558703249381,0.0255088593858308,-0.0044296229930557,5.0,0.5,0.0,0.0,0.0
1279.2315673828125,1307.179500312984,1274.2994933647026,1295.2730009928969,1306.6216064453124,1252.344677734375,1196.6695149739585,1161.025433349609,1140.613427734375,1132.7561075846354,-0.0194370963451301,0.0125398981850515,0.0218474384488105,-0.0038554974281946,5.0,0.5,0.0,0.0,0.0
1292.383544921875,1296.7177034091867,1267.723539263971,1272.007952533903,1304.6786865234376,1266.8417724609376,1210.8278483072916,1172.1573059082032,1149.985224609375,1138.948506673177,0.0102811546200116,-0.0157659020559591,0.0033536162730807,-0.0190810272653191,5.0,0.5,1.0,1.0,1.0
1287.003173828125,1310.2185008589431,1280.327584489538,1300.2548620691416,1300.2149658203125,1276.9349365234375,1225.88955078125,1183.4336547851562,1158.338740234375,1145.0130411783855,-0.0041631380366075,0.0102965466678688,0.0180382826576608,-0.0051869253117153,5.0,0.5,0.0,0.0,0.0
1295.821044921875,1306.0337743146556,1267.723511567821,1272.3566277639814,1291.8056640625,1284.9656372070312,1239.1378743489583,1195.5868041992187,1167.38173828125,1152.1602905273437,0.0068514757951386,-0.018107760519747,0.007881280700605,-0.0216831895609072,5.0,0.5,1.0,1.0,1.0
1378.1207275390625,1389.927615213977,1327.9538304120058,1359.040334875889,1306.51201171875,1301.4255737304688,1258.4208414713542,1212.370556640625,1180.5018603515623,1161.203955078125,0.0635116113754344,-0.0138452258077897,0.0085673826965786,-0.0364023964842621,5.0,0.5,1.0,1.0,1.0
1390.5753173828125,1401.5850656287976,1378.5690835988928,1387.9349286920988,1328.78076171875,1317.7011840820312,1277.8233723958333,1229.6973266601562,1194.5764990234377,1171.9746500651042,0.009037372121955,-0.0018987743114002,0.007917405197948,-0.0086340046697481,5.0,0.5,1.0,1.0,1.0
1409.008056640625,1418.2741680868662,1394.1123431152248,1400.3894844388517,1352.1056640625,1328.392175292969,1295.2630696614583,1246.1473022460937,1208.1469775390624,1183.671964518229,0.0132554770873573,-0.006116765735408,0.0065763367374447,-0.0105717731386963,5.0,0.5,1.0,1.0,1.0
1422.2098388671875,1431.6254289635742,1398.9945116129736,1410.8013993672137,1379.1469970703124,1339.6809814453125,1311.0056233723958,1264.2039123535155,1222.5763232421875,1195.140116373698,0.0093695576574901,-0.0080216288681147,0.006620394430604,-0.0163234191043885,5.0,0.5,1.0,1.0,1.0
1449.4603271484375,1455.6876012812286,1420.9643450420754,1428.7857770275714,1409.874853515625,1350.8402587890623,1326.6020426432292,1281.822119140625,1238.4444140625,1207.797257486979,0.0191606664055674,-0.014263619178553,0.0042962708369136,-0.0196597185674084,5.0,0.5,1.0,1.0,1.0
1462.3134765625,1471.9781575727388,1448.7130852402845,1459.6730879484294,1426.7134033203124,1366.612707519531,1343.18818359375,1300.4939819335937,1255.2391259765625,1221.5371175130208,0.008867541369241,-0.0018056242087555,0.0066091718124337,-0.009300599044048,5.0,0.5,1.0,1.0,1.0
1469.3875732421875,1476.3122532805623,1454.9901644027846,1471.5297798237714,1442.4758544921874,1385.6283081054687,1359.2927408854166,1318.9864929199218,1272.2530322265625,1235.8930582682292,0.0048376061583708,0.0014578907706814,0.0047126300538227,-0.0097982377839463,5.0,0.5,1.0,1.0,1.0
1476.5614013671875,1494.5458180280382,1457.68035451668,1476.6112682117018,1455.9865234375,1404.04609375,1370.9236246744792,1335.443933105469,1288.115146484375,1249.4535685221354,0.0048821891893171,3.37722796139861e-05,0.0121799314570991,-0.0127871735188426,5.0,0.5,1.0,1.0,1.0
1486.0767822265625,1495.5422394381965,1474.6185971809,1486.475352118659,1468.759912109375,1423.9534545898437,1382.7072916666666,1350.4441955566406,1305.1151123046875,1263.6069213867188,0.0064442838953831,0.0002682027583389,0.0063694267515921,-0.007710358699296,5.0,0.5,1.0,1.0,1.0
1441.937744140625,1496.8374906836273,1439.745792277011,1495.9407388752584,1467.2553955078124,1438.5651245117188,1389.6453043619792,1361.765380859375,1318.9087744140625,1276.5795776367188,-0.0297017210778333,0.0374516826084043,0.0380735900465118,-0.0015201432048788,5.0,0.5,0.0,0.0,0.0
1384.148681640625,1457.182204182903,1374.982182408483,1446.819995294534,1451.6224365234375,1439.167919921875,1394.9492838541669,1370.2967468261718,1330.7196728515626,1287.969677734375,-0.0400773630725933,0.045277876925494,0.0527642178264489,-0.006622481640684,5.0,0.5,0.0,0.0,0.0
1314.0047607421875,1328.7011282758174,1257.4112425383737,1275.3457927489053,1420.5458740234376,1431.5108642578125,1397.2674967447915,1374.606024169922,1339.298369140625,1296.968505859375,-0.0506765796397654,-0.0294207214070111,0.0111844096556612,-0.0430694925122251,5.0,0.667625,0.0,0.0,0.0
1271.41015625,1317.5915969826883,1269.417428523658,1317.1431602683926,1379.515625,1417.75107421875,1395.8692708333333,1373.0716247558594,1344.258271484375,1303.3485595703123,-0.032415867708218,0.0359702994297932,0.0363230075720804,-0.001567336643133,5.0,0.7514375,0.0,0.0,0.0
1282.868408203125,1295.8708843260529,1260.4999653216528,1271.4102231735303,1338.8739501953123,1403.8169311523438,1395.5936197916667,1371.748956298828,1348.130146484375,1310.7415852864583,0.0090122388096386,-0.0089316916344082,0.0101354714480341,-0.0174362722929649,5.0,0.79334375,1.0,1.0,1.0
1297.1163330078125,1307.1795841820526,1252.9276178871432,1276.441781857786,1309.90966796875,1388.5825317382812,1395.6799723307292,1369.711395263672,1351.39423828125,1317.4089233398438,0.0111063026523851,-0.0159388565419459,0.0077581716598271,-0.0340668866748462,5.0,0.814296875,1.0,1.0,1.0
1299.457763671875,1323.669455352234,1287.999578698935,1305.1371109386828,1292.971484375,1372.296960449219,1390.4357747395834,1369.454833984375,1354.8316943359375,1324.428308105469,0.0018051046035578,0.0043705516451413,0.0186321497760297,-0.0088176663322727,5.0,0.8247734375,1.0,1.0,1.0
1298.71044921875,1312.5101862417944,1294.9243394550415,1307.1795421888596,1289.9126220703124,1355.229248046875,1384.3114501953123,1370.428778076172,1357.66734375,1331.0674112955728,-0.0005750971474542,0.0065211556395841,0.0106257226399815,-0.0029152839772605,5.0,0.83001171875,0.0,0.0,0.0
1315.798095703125,1319.7835511628507,1293.6788665522272,1300.2548437354849,1298.7902099609375,1339.152917480469,1378.0974527994792,1371.5995056152344,1358.215341796875,1336.680261230469,0.0131573950872992,-0.0118127940893048,0.003028926301642,-0.0168105039999149,5.0,0.832630859375,1.0,1.0,1.0
1283.6156005859375,1321.1286023536045,1280.327551220163,1319.1857414906583,1298.9396484375,1318.9067993164062,1368.8578369140623,1371.430126953125,1357.1870947265625,1339.931730143229,-0.0244585360187727,0.0277108979420972,0.0292244825869543,-0.0025615529791578,5.0,0.8339404296875,0.0,0.0,0.0
1290.8890380859375,1301.251246919623,1283.2170847447258,1291.985014045189,1297.694189453125,1303.8019287109375,1358.2864176432292,1371.183526611328,1355.3079541015625,1342.444230143229,0.0056663673273212,0.000849008649788,0.0080271878743738,-0.0059431547676532,5.0,0.8345952148437501,1.0,1.0,1.0
1292.931640625,1302.2476187752632,1282.3203407526885,1295.2232046217243,1296.38896484375,1294.680224609375,1346.994295247396,1366.924072265625,1354.84166015625,1345.091239420573,0.0015823223211277,0.0017723783104393,0.007205313767215,-0.0082071623424594,5.0,0.8349226074218751,1.0,1.0,1.0
1342.600341796875,1346.834888329444,1284.9607150847262,1304.24033203125,1305.166943359375,1297.5397827148438,1338.5418131510417,1364.525323486328,1357.3764111328126,1348.9172770182292,0.0384155663077943,-0.0285714285714286,0.0031539888682745,-0.042931336241883,5.0,0.8350863037109375,1.0,1.0,1.0
1366.5628662109375,1377.4231347086284,1326.0606520027943,1348.0802684256255,1315.3198974609377,1307.0550537109375,1331.2085774739585,1362.4030639648438,1360.343583984375,1351.0661010742188,0.0178478462041743,-0.0135248792736177,0.00794714152288,-0.0296380175472228,5.0,0.8351681518554688,1.0,1.0,1.0
1406.0189208984375,1432.6217879821895,1354.9054049380727,1367.8083902270369,1339.8005615234374,1319.3701049804688,1325.87138671875,1361.5935180664062,1365.1042138671876,1354.2893391927084,0.0288724768271361,-0.0271763986269717,0.0189207034758487,-0.0363533628179794,5.0,0.83525,1.0,1.0,1.0
1384.7962646484375,1423.7540666345292,1378.5689906216824,1411.249773364672,1358.5820068359376,1328.138098144531,1322.0619547526042,1358.3603149414062,1368.66322265625,1355.8536295572917,-0.0150941469809231,0.0191028163431321,0.0281325152158624,-0.0044968882323899,5.0,0.667625,0.0,0.0,0.0
1370.29931640625,1404.1756889094804,1367.0112668950617,1384.9458170438304,1374.0555419921875,1335.222253417969,1321.1386637369792,1353.7596069335937,1368.3503662109374,1358.0439737955728,-0.0104686505966766,0.010688541154638,0.0247218779850775,-0.0023995118962854,5.0,0.5838125000000001,0.0,0.0,0.0
1345.5894775390625,1370.299351471369,1340.8068820597591,1369.0040297213416,1374.653369140625,1339.91015625,1323.2443115234375,1347.5697021484375,1366.5509326171875,1360.2559041341146,-0.018032439023608,0.0174009626064419,0.0183636052040909,-0.0035542753262681,5.0,0.54190625,0.0,0.0,0.0
1354.755859375,1381.7075497936826,1347.1337733295384,1351.0693618317891,1372.2919677734376,1343.8059326171874,1328.800691731771,1341.479425048828,1364.3808447265626,1362.334981282552,0.0068121681901836,-0.0027211526842272,0.0198941309108759,-0.0056261694627236,5.0,0.520953125,1.0,1.0,1.0
1401.1865234375,1420.764975684493,1382.9530164291027,1404.873021012273,1371.32548828125,1355.5630249023438,1336.688566080729,1337.234912109375,1363.539912109375,1366.141092936198,0.0342723478486523,0.0026309827514818,0.0139727665942444,-0.0130129049226547,5.0,0.5104765625000001,1.0,1.0,1.0
1354.3076171875,1407.2145154096854,1234.9930413859895,1404.8730845939856,1365.2277587890626,1361.9048828125,1340.501318359375,1332.8534057617187,1359.7338037109375,1368.090645345052,-0.0334565780257385,0.0373367665992274,0.0390656432488045,-0.0881000551774876,5.0,0.50523828125,0.0,0.0,0.0
1454.392333984375,1466.1993434827173,1340.1094434774377,1356.0013990078717,1382.0463623046876,1378.0509521484375,1350.8302897135416,1336.3655883789063,1359.4169580078126,1370.6330322265626,0.0739010218407555,-0.0676508894315722,0.0081181736333801,-0.0785777591345342,5.0,0.502619140625,1.0,1.0,1.0
1444.279296875,1472.8250244585497,1434.7639732628509,1461.566185699787,1401.784326171875,1388.21884765625,1360.5348795572916,1342.8793151855468,1358.412626953125,1372.423164876302,-0.0069534450045331,0.0119692145848733,0.0197646865431873,-0.006588284989432,5.0,0.5013095703125,0.0,0.0,0.0
1446.22216796875,1454.5916488637524,1400.1403386414647,1440.7421666433431,1420.077587890625,1396.1847778320312,1369.2298177083333,1351.6199157714843,1357.1990576171877,1373.6636352539062,0.0013452184061308,-0.0037891836031691,0.0057871335956338,-0.0318635893902858,5.0,0.50065478515625,1.0,1.0,1.0
1455.8868408203125,1463.1104788908465,1420.7650143394414,1452.6985250811397,1431.0176513671877,1401.1715698242188,1380.7145670572916,1360.2708374023437,1355.9914599609374,1374.786201985677,0.0066827027448602,-0.0021899474943922,0.0049616755011423,-0.0241240084710716,5.0,0.500327392578125,1.0,1.0,1.0
1455.4384765625,1470.6330250941296,1440.0944491298603,1456.6839313601745,1451.2438232421875,1408.235791015625,1391.6845296223958,1368.186944580078,1356.5314892578126,1374.9854736328125,-0.0003079664196702,0.0008557247989047,0.0104398425466369,-0.0105425462358805,5.0,0.5001636962890625,0.0,0.0,0.0
1441.9876708984375,1467.494562707194,1436.2087115612358,1456.4349476149878,1448.762890625,1415.4046264648437,1401.6215983072916,1375.3134399414062,1358.845048828125,1374.3079467773437,-0.0092417548942577,0.0100190015546726,0.0176887031169028,-0.0040076343604249,5.0,0.5000818481445313,0.0,0.0,0.0
1477.2589111328125,1486.574888960189,1440.9413752195446,1444.7276065631863,1455.3588134765623,1428.5715698242188,1410.5988362630208,1384.2408630371094,1365.37521484375,1374.5703247070312,0.0244601538183742,-0.0220213967399121,0.006306259354518,-0.0245844080814637,5.0,0.5000409240722656,1.0,1.0,1.0
1493.05126953125,1506.4523150249447,1464.7047658840895,1484.5821765776193,1464.7246337890624,1442.4011108398438,1419.031396484375,1393.1035217285155,1374.240859375,1375.1199869791667,0.0106903118196981,-0.0056723390056723,0.0089756097243076,-0.0189856197343176,5.0,0.5000204620361328,1.0,1.0,1.0
1530.564453125,1545.0614751196938,1494.0975581428866,1494.0975581428866,1479.66015625,1455.3389038085938,1427.3344319661458,1405.4509643554688,1384.148701171875,1376.602909342448,0.0251251811369662,-0.0238257819902049,0.0094716834466492,-0.0238257819902049,5.0,0.5000102310180664,1.0,1.0,1.0
1472.376708984375,1554.3276372969883,1467.4945016957806,1540.0298400868862,1483.047802734375,1467.1458129882812,1433.1731282552084,1414.525347900391,1391.1591162109376,1377.6175415039063,-0.0380171798853823,0.0459482486307307,0.0556589409575367,-0.0033158683228302,5.0,0.5000051155090333,0.0,0.0,0.0
1478.65380859375,1499.0294005151457,1465.65121180311,1477.4083537910622,1490.3810302734375,1469.5719604492188,1440.3967610677084,1423.811456298828,1398.3269580078124,1380.7677124023437,0.0042632429398484,-0.0008422896525538,0.0137798258138417,-0.008793536874602,5.0,0.5000025577545166,1.0,1.0,1.0
1481.7923583984375,1495.990544116867,1469.7862462580238,1482.5894981770712,1491.2877197265625,1473.3232666015624,1449.476953125,1430.7710571289062,1405.650234375,1386.3606323242188,0.0021225724280062,0.0005379564647609,0.0095817647040477,-0.0081024254662712,5.0,0.5000012788772583,1.0,1.0,1.0
1507.0999755859375,1522.4440036125582,1463.9076258558582,1475.6149014071982,1494.0974609375,1479.411047363281,1459.6332275390623,1437.7979125976562,1413.3023095703124,1394.2169596354167,0.017079057699321,-0.0208911649451114,0.0101811613530515,-0.0286592465196522,5.0,0.5000006394386292,1.0,1.0,1.0
1504.5,1524.0,1499.449951171875,1506.0999755859375,1488.8845703125,1484.27236328125,1466.5207926432292,1442.7219665527343,1422.137685546875,1401.6046793619792,-0.0017251513688908,0.0010634600105932,0.0129611166500498,-0.0033566293307577,5.0,0.5,0.0,0.0,0.0
1495.4000244140625,1515.699951171875,1491.449951171875,1500.0,1493.4892333984376,1488.2685180664062,1475.926953125,1448.2521545410157,1430.318125,1408.2141357421874,-0.006048504875997,0.0030760836637941,0.0135749140205922,-0.0026414826653057,5.0,0.5740000000000001,0.0,0.0,0.0
1503.050048828125,1511.949951171875,1482.25,1498.550048828125,1498.3684814453125,1494.374755859375,1479.17080078125,1454.889691162109,1438.722861328125,1415.0005452473958,0.0051157043527934,-0.002993912280904,0.0059212282057332,-0.0138385603622062,5.0,0.611,1.0,1.0,1.0
1472.199951171875,1507.449951171875,1468.6500244140625,1490.0,1496.45,1493.8688598632812,1481.032177734375,1461.22021484375,1443.906845703125,1420.7835286458333,-0.0205249969422526,0.012090782107387,0.023943758435762,-0.0024113074823747,5.0,0.6295,0.0,0.0,0.0
1444.25,1488.8499755859375,1440.0,1472.199951171875,1483.8800048828125,1488.9887329101562,1480.9006998697917,1465.694921875,1447.0143310546875,1425.0652587890625,-0.0189851596922189,0.0193525713497491,0.0308810632410854,-0.0029427038255149,5.0,0.6387499999999999,0.0,0.0,0.0
1450.050048828125,1456.0,1416.5,1445.949951171875,1472.9900146484374,1480.9372924804688,1480.511580403646,1468.138098144531,1448.775576171875,1430.6130737304688,0.0040159590293404,-0.0028275559588881,0.0041032729709458,-0.0231371660966039,5.0,0.643375,1.0,1.0,1.0
1451.8499755859375,1473.449951171875,1446.5999755859375,1459.699951171875,1464.2800048828126,1478.884619140625,1480.2723470052083,1473.0152160644532,1451.457724609375,1435.978438313802,0.0012412859537276,0.0054068779267426,0.014877553431249,-0.0036160761017206,5.0,0.6456875,1.0,1.0,1.0
1444.699951171875,1456.949951171875,1437.449951171875,1455.949951171875,1452.6099853515625,1475.4892333984376,1480.4531656901042,1472.5305969238282,1454.43375,1441.0373819986978,-0.0049247680781734,0.0077870840868199,0.0084792693389816,-0.0050183430781728,5.0,0.6468437499999999,0.0,0.0,0.0
1452.75,1458.949951171875,1440.0,1440.0,1448.7199951171874,1472.5849975585938,1478.81923828125,1472.954132080078,1458.7201708984376,1444.7090372721354,0.0055721250780102,-0.0087764584408879,0.004267734415333,-0.0087764584408879,5.0,0.647421875,1.0,1.0,1.0
1459.6500244140625,1479.0,1439.050048828125,1452.75,1451.8,1467.8400024414063,1476.5924886067708,1473.6255249023438,1462.9159375,1447.811942545573,0.0047496296087162,-0.0047271772676004,0.0132565856625153,-0.0141129553258541,5.0,0.6477109375000001,1.0,1.0,1.0
1468.949951171875,1481.5999755859375,1456.0,1467.0,1455.57998046875,1464.2849975585937,1472.4848551432292,1474.2786804199218,1465.626474609375,1449.9096435546876,0.006371340117331,-0.0013274456153659,0.0086116102212814,-0.0088157878772819,5.0,0.64785546875,1.0,1.0,1.0
1485.050048828125,1490.9000244140625,1448.550048828125,1475.0,1462.2199951171874,1463.25,1473.329744466146,1475.759259033203,1470.856171875,1453.2514363606772,0.0109602765182067,-0.006767481564716,0.0039392447349191,-0.024578296218907,5.0,0.6479277343750001,1.0,1.0,1.0
1512.800048828125,1517.0,1481.199951171875,1485.050048828125,1475.8400146484375,1464.225,1475.6061604817708,1479.2998779296877,1473.19248046875,1458.0014607747396,0.0186862389061553,-0.0183434684719214,0.0027762764650414,-0.0208884827051193,5.0,0.6479638671875001,1.0,1.0,1.0
1520.0,1528.5,1503.1500244140625,1522.0,1489.2900146484376,1469.0050048828125,1478.1533365885416,1481.4369323730468,1476.22130859375,1463.8151448567708,0.0047593541376815,0.0013157894736841,0.0055921052631577,-0.0110855102539062,5.0,0.64798193359375,1.0,1.0,1.0
1530.949951171875,1535.0999755859375,1515.050048828125,1520.0999755859375,1503.55,1477.675,1479.7433349609375,1483.3318664550782,1479.610419921875,1469.68828125,0.0072039152446546,-0.0070870870583537,0.0027107511978989,-0.0103856447636183,5.0,0.6479909667968751,1.0,1.0,1.0
1521.699951171875,1539.800048828125,1514.8499755859375,1529.199951171875,1514.1,1484.839990234375,1480.889998372396,1482.888641357422,1482.2429443359374,1473.7053955078125,-0.0060420002580224,0.0049286983246756,0.0118946561326436,-0.0045015284259306,5.0,0.6479954833984376,0.0,0.0,0.0
1493.25,1525.0,1486.550048828125,1521.6500244140625,1515.739990234375,1488.9799926757812,1480.7466634114585,1483.932305908203,1483.7554052734374,1478.336808268229,-0.0186961635570569,0.0190189348160472,0.0212623472291979,-0.0044868248263016,5.0,0.6479977416992189,0.0,0.0,0.0
1477.550048828125,1510.0,1470.050048828125,1492.449951171875,1508.689990234375,1492.2650024414063,1479.0466634114584,1483.8771179199218,1485.177900390625,1479.108732096354,-0.0105139468755231,0.0100841946813019,0.0219619979692815,-0.0050759701885891,5.0,0.6479988708496094,0.0,0.0,0.0
1483.199951171875,1506.699951171875,1421.1500244140625,1470.0,1501.32998046875,1495.3099975585938,1479.7799967447916,1483.9474975585938,1485.4155419921874,1480.4060872395833,0.0038238314487086,-0.0088996437475916,0.0158441213414499,-0.0418351731395264,5.0,0.6479994354248046,1.0,1.0,1.0
1483.5,1495.9000244140625,1433.9000244140625,1486.550048828125,1491.839990234375,1497.6949951171875,1482.3966634114583,1482.7674987792968,1485.0334912109374,1481.648681640625,0.0002022982996243,0.00205598168394,0.0083586278490479,-0.0334344291108442,5.0,0.6479997177124024,1.0,1.0,1.0
1499.25,1518.9000244140625,1471.0999755859375,1483.5,1487.35,1500.725,1485.67666015625,1482.5049987792968,1483.7809130859375,1483.094120279948,0.0106167846309403,-0.0105052526263131,0.0131065695608221,-0.0187760709781974,5.0,0.6479998588562013,1.0,1.0,1.0
1461.5999755859375,1494.949951171875,1451.0,1490.0,1481.0199951171876,1498.3799926757813,1486.32666015625,1480.8149963378903,1483.34984375,1483.2995035807292,-0.0251125725623228,0.0194307778382913,0.0228174439949397,-0.0072523096353283,5.0,0.6479999294281007,0.0,0.0,0.0
1490.3499755859375,1498.75,1461.5999755859375,1464.9000244140625,1483.57998046875,1496.1349853515626,1489.3699951171875,1480.1799926757812,1483.8176904296874,1484.9115804036458,0.0196702247401683,-0.0170764931652173,0.0056362764126995,-0.0192907709403603,5.0,0.6479999647140504,1.0,1.0,1.0
1516.199951171875,1533.4000244140625,1492.699951171875,1500.0,1490.17998046875,1495.75498046875,1493.599991861979,1482.3799926757813,1485.193994140625,1486.2096150716145,0.0173449028814688,-0.010684574392285,0.0113441985200524,-0.0154992750011875,5.0,0.6479999823570253,1.0,1.0,1.0
1539.6500244140625,1559.8499755859375,1516.199951171875,1516.199951171875,1501.4099853515625,1496.6249877929688,1498.9333251953126,1487.1499938964844,1486.49599609375,1487.7629069010416,0.0154663461267512,-0.0152307815869465,0.0131198329825392,-0.0152307815869465,5.0,0.6479999911785126,1.0,1.0,1.0
1537.5999755859375,1552.25,1533.0999755859375,1542.0,1509.07998046875,1498.214990234375,1503.5099934895834,1491.527490234375,1487.8199951171875,1487.9974243164063,-0.0013315031309827,0.0028616184208676,0.009527851617245,-0.0029266389642632,5.0,0.6479999955892564,0.0,0.0,0.0
1536.6500244140625,1549.300048828125,1519.949951171875,1540.0,1524.089990234375,1502.5549926757812,1506.9499918619792,1495.767492675781,1489.4699951171874,1490.1398681640626,-0.0006178142475015,0.0021800511064415,0.0082322091647941,-0.0108678443216472,5.0,0.6479999977946282,0.0,0.0,0.0
1490.75,1531.25,1481.949951171875,1520.0,1524.1699951171877,1503.8749877929688,1505.4799886067708,1498.0699951171875,1488.9779931640626,1490.543074544271,-0.0298701875409558,0.019620996142881,0.0271675331209122,-0.0059031016791044,5.0,0.6479999988973142,0.0,0.0,0.0
1451.8499755859375,1479.949951171875,1432.949951171875,1475.0,1511.3,1500.739990234375,1500.9366536458333,1498.0249938964844,1488.163994140625,1489.5449951171877,-0.0260942642388478,0.0159451904834173,0.0193546000333795,-0.0130178907820244,5.0,0.6479999994486572,0.0,0.0,0.0
1463.300048828125,1500.0,1455.199951171875,1455.9000244140625,1496.0300048828126,1498.7199951171874,1496.42666015625,1498.2074951171876,1488.92599609375,1488.0849975585938,0.0078865402312428,-0.0050570793187554,0.0250802637512832,-0.0055355001612532,5.0,0.6479999997243286,1.0,1.0,1.0
1469.800048828125,1485.949951171875,1465.5999755859375,1482.0,1482.47001953125,1495.775,1492.9666666666667,1498.25,1489.71599609375,1486.9283325195313,0.0044420144762555,0.0083004155440069,0.0109878227018882,-0.002857581373423,5.0,0.6479999998621644,1.0,1.0,1.0
1436.0,1512.449951171875,1421.8499755859375,1470.0,1462.3400146484375,1493.2150024414063,1489.15,1495.7974975585937,1489.0819970703126,1484.948331705729,-0.0229963584877234,0.0236768802228413,0.0532381275570159,-0.0098537774471186,5.0,0.6479999999310821,0.0,0.0,0.0
1428.8499755859375,1444.0,1418.550048828125,1444.0,1449.960009765625,1487.0650024414062,1485.9033284505208,1491.5999938964844,1488.447998046875,1482.4749959309895,-0.0049791256365337,0.0106029496958557,0.0106029496958557,-0.00720854318774,5.0,0.647999999965541,0.0,0.0,0.0
1582.550048828125,1598.0,1463.1500244140625,1500.0,1476.1000244140623,1493.7000122070312,1492.5266682942708,1494.727496337891,1493.64,1486.1533325195312,0.1075690771378281,-0.0521626781340995,0.0097626935611392,-0.0754478662475653,5.0,0.648,1.0,1.0,1.0
1573.3499755859375,1598.9000244140625,1568.800048828125,1582.550048828125,1498.110009765625,1497.0700073242188,1498.5166666666669,1496.8474975585937,1498.187998046875,1490.4566650390625,-0.0058134485218967,0.0058474423268486,0.0162392660403543,-0.0028918720109415,5.0,0.648,0.0,0.0,0.0
1550.300048828125,1580.3499755859375,1546.449951171875,1580.0,1514.210009765625,1498.3400146484375,1501.9200032552085,1498.2775024414063,1501.442001953125,1493.7983317057292,-0.0146502222108773,0.019157550304101,0.0193832973046264,-0.0024834532251742,5.0,0.648,0.0,0.0,0.0
1535.1500244140625,1592.0,1526.9000244140625,1570.0,1534.0400146484376,1498.1900146484377,1506.82333984375,1500.3725036621097,1503.4460009765626,1496.575,-0.0097723175752425,0.0227013484230891,0.0370321953436674,-0.0053740675952168,5.0,0.648,0.0,0.0,0.0
1607.699951171875,1611.699951171875,1548.050048828125,1552.949951171875,1569.810009765625,1509.885009765625,1514.6466715494792,1506.8799987792968,1507.2419970703124,1502.0083333333334,0.0472591770211536,-0.0340548620158207,0.0024880264486444,-0.037102633672577,5.0,0.648,1.0,1.0,1.0
1659.1500244140625,1671.949951171875,1592.0,1621.550048828125,1585.1300048828125,1530.6150146484374,1524.1766764322915,1515.6775024414062,1512.807998046875,1508.8883341471353,0.032002285752814,-0.0226621915032765,0.0077147494617508,-0.0404725452345859,5.0,0.7238500000000001,1.0,1.0,1.0
1675.949951171875,1682.800048828125,1650.699951171875,1655.0,1605.65,1551.8800048828125,1533.263338216146,1525.3,1518.607998046875,1516.0983317057292,0.0101256224636741,-0.012500344152417,0.0040872924943016,-0.0150660823626292,5.0,0.7617750000000001,1.0,1.0,1.0
1683.800048828125,1688.75,1666.050048828125,1676.0,1632.35,1573.2800048828126,1543.010009765625,1534.5275024414063,1525.092001953125,1523.2600016276042,0.0046839690235146,-0.0046324080068494,0.0029397499871317,-0.0105416317171112,5.0,0.7807375000000001,1.0,1.0,1.0
1690.550048828125,1699.0,1670.0999755859375,1680.0,1663.4300048828125,1598.735009765625,1553.2700113932292,1545.9750061035156,1532.98400390625,1530.110001627604,0.0040087895262253,-0.0062406012974524,0.004998344283112,-0.0120966979098686,5.0,0.7902187500000001,1.0,1.0,1.0
1721.050048828125,1725.0,1684.25,1690.0999755859375,1686.1000244140623,1627.9550170898438,1568.6233479817708,1557.510009765625,1542.72400390625,1537.051668294271,0.0180414652740641,-0.0179832499718771,0.0022950821067433,-0.0213823234560682,5.0,0.7949593750000001,1.0,1.0,1.0
1743.25,1751.3499755859375,1715.550048828125,1718.25,1702.92001953125,1644.0250122070313,1588.0500162760416,1568.8625122070312,1553.126005859375,1544.4933349609375,0.0128990735551189,-0.0143410296859314,0.00464647961333,-0.0158898328821884,5.0,0.7973296875000001,1.0,1.0,1.0
1771.75,1779.449951171875,1723.1500244140625,1745.0,1722.080029296875,1663.8650146484374,1608.6133463541669,1580.467510986328,1564.656005859375,1552.5200032552084,0.0163487738419618,-0.0150980668830252,0.0043459580481868,-0.0274304927816777,5.0,0.79851484375,1.0,1.0,1.0
1788.4000244140625,1818.1500244140625,1752.050048828125,1771.75,1743.0000244140624,1687.6750122070312,1629.8533447265625,1593.0075134277345,1576.2220068359377,1561.4100056966147,0.0093975021385988,-0.0093100112876131,0.0166349807615033,-0.0203254166236365,5.0,0.7991074218750001,1.0,1.0,1.0
1743.6500244140625,1785.5,1733.8499755859375,1785.5,1753.62001953125,1708.5250122070313,1650.3633463541669,1603.3575134277344,1587.5040087890625,1569.7566731770833,-0.0250223660194041,0.0240013620852617,0.0240013620852617,-0.0056204219257922,5.0,0.7994037109375001,0.0,0.0,0.0
1769.6500244140625,1821.050048828125,1750.550048828125,1754.800048828125,1763.3400146484375,1724.72001953125,1673.083349609375,1617.3025146484374,1598.6760107421876,1579.493339029948,0.0149112491818632,-0.0083914759308718,0.0290453048370855,-0.010793080734854,5.0,0.7995518554687501,1.0,1.0,1.0
1810.949951171875,1828.75,1774.050048828125,1777.0,1776.8800048828125,1739.9000122070313,1688.310009765625,1635.2575134277345,1610.4660107421876,1590.418339029948,0.0233379064719234,-0.0187470399995901,0.0098291224539952,-0.0203759923458248,5.0,0.7996259277343751,1.0,1.0,1.0
1780.25,1807.949951171875,1776.800048828125,1790.0,1778.5800048828123,1750.3300170898438,1702.1033447265625,1651.105010986328,1620.090009765625,1600.3100056966146,-0.0169524017778674,0.0054767588821795,0.0155595849863081,-0.0019379026383232,5.0,0.7996629638671876,0.0,0.0,0.0
1783.1500244140625,1795.0,1778.5999755859375,1789.0,1777.5300048828126,1760.2650146484375,1717.6266764322916,1666.772509765625,1629.91201171875,1609.77333984375,0.0016289984070004,0.0032806973646875,0.006645529217224,-0.002551691537912,5.0,0.7996814819335938,1.0,1.0,1.0
1778.6500244140625,1790.800048828125,1754.9000244140625,1783.1500244140625,1784.5300048828126,1769.0750122070312,1733.860009765625,1683.905010986328,1639.59201171875,1620.3416748046875,-0.0025236238894025,0.002530008679747,0.0068310371614928,-0.0133528235875541,5.0,0.7996907409667969,0.0,0.0,0.0
1817.949951171875,1825.1500244140625,1770.0,1786.0,1794.189990234375,1778.7650024414063,1747.8766764322916,1703.360009765625,1652.680009765625,1631.2616739908854,0.0220953679579314,-0.0175747143925935,0.0039605453590987,-0.0263758367720551,5.0,0.7996953704833984,1.0,1.0,1.0
1830.0999755859373,1837.9000244140625,1805.050048828125,1830.0,1798.0199951171876,1787.45,1759.27333984375,1715.7375061035157,1667.810009765625,1641.725008138021,0.0066833657363506,-5.462848329118586e-05,0.0042620889198294,-0.0136877367859602,5.0,0.7996976852416993,1.0,1.0,1.0
1828.699951171875,1846.0,1817.0999755859373,1822.0999755859373,1807.7099853515624,1793.1449951171876,1769.4566731770833,1728.5050048828125,1682.426005859375,1651.3600056966145,-0.000764998870411,-0.0036091079795282,0.0094602992782051,-0.0063432908053089,5.0,0.7996988426208497,0.0,0.0,0.0
1852.949951171875,1856.8499755859373,1835.75,1844.0,1821.669970703125,1799.5999877929687,1780.7333333333331,1743.6375,1697.752001953125,1661.871671549479,0.013260786705036,-0.0048301095052323,0.0021047651133783,-0.0092824693732267,5.0,0.7996994213104249,1.0,1.0,1.0
1921.550048828125,1935.0,1856.0999755859373,1864.5,1850.2499755859376,1817.389990234375,1796.1333333333334,1762.957501220703,1717.17400390625,1674.7016723632812,0.0370220996054775,-0.0296895981777406,0.0069995320601081,-0.034061081719991,5.0,0.7996997106552125,1.0,1.0,1.0
1916.0,1930.0,1907.5,1930.0,1869.8599853515625,1832.024987792969,1809.129996744792,1778.3725036621097,1736.6600048828125,1688.8766723632812,-0.0028883186422907,0.0073068893528183,0.0073068893528183,-0.0044363256784968,5.0,0.7996998553276062,0.0,0.0,0.0
1904.050048828125,1924.9000244140625,1896.050048828125,1919.949951171875,1884.65,1841.3349975585936,1819.85,1790.6175048828125,1749.5200048828126,1703.9500081380208,-0.0062369264988909,0.00835056954177,0.0109503295875914,-0.0042015702291668,5.0,0.7996999276638032,0.0,0.0,0.0
1889.4000244140625,1908.0,1883.0999755859373,1908.0,1896.7900146484376,1852.25,1827.6933349609376,1801.290008544922,1762.1620068359375,1718.153340657552,-0.0076941383043366,0.0098443819972457,0.0098443819972457,-0.0033344176705399,5.0,0.7996999638319016,0.0,0.0,0.0
1929.199951171875,1935.0,1882.949951171875,1899.0,1912.0400146484376,1866.8549926757807,1837.079996744792,1813.5600036621088,1777.3180029296875,1733.466670735677,0.0210648492873578,-0.0156541322497599,0.0030064529208606,-0.0239736684483667,5.0,0.7996999819159508,1.0,1.0,1.0
1928.4000244140625,1944.9000244140625,1892.8499755859373,1938.8499755859373,1913.410009765625,1881.829992675781,1849.3966634114583,1825.4525024414063,1793.0480029296875,1749.8800048828125,-0.0004146417054005,0.0054189748182824,0.008556316008663,-0.0184349970846565,5.0,0.7996999909579754,0.0,0.0,0.0
1882.449951171875,1932.0,1878.699951171875,1930.949951171875,1906.7,1888.2799926757807,1856.916658528646,1833.5224975585936,1804.0380029296875,1765.0000040690104,-0.0238280816534159,0.0257642971967502,0.0263221068890988,-0.0019920848348002,5.0,0.7996999954789877,0.0,0.0,0.0
1914.4000244140625,1918.199951171875,1885.5999755859373,1895.0,1908.769995117188,1896.7099975585936,1863.813330078125,1842.0799987792968,1814.248002929688,1776.061669921875,0.0169726017004052,-0.0101337359834187,0.001984917838149,-0.0150439032912882,5.0,0.7996999977394939,1.0,1.0,1.0
1910.8499755859373,1921.6500244140625,1897.550048828125,1916.949951171875,1913.0599853515623,1904.925,1872.519995117188,1849.0349975585937,1823.64400390625,1787.311669921875,-0.0018543923855264,0.0031922838861626,0.0056519606280516,-0.0069602150497106,5.0,0.799699998869747,0.0,0.0,0.0
1857.550048828125,1910.8499755859373,1840.300048828125,1910.0999755859373,1898.7300048828124,1905.385009765625,1877.479996744792,1852.492498779297,1830.59400390625,1797.5533365885417,-0.0278933079199316,0.0282899116451611,0.0286936692722965,-0.009286425424113,5.0,0.7997000000000001,0.0,0.0,0.0
1866.699951171875,1878.0,1841.8499755859373,1866.8499755859373,1886.389990234375,1899.9,1883.349991861979,1858.644995117188,1837.64,1808.605000813802,0.0049257904784435,8.036878876449549e-05,0.0060534896468129,-0.0133122495505167,5.0,0.7238500000000001,1.0,1.0,1.0
1845.0999755859373,1882.550048828125,1836.0,1862.0,1878.919995117188,1892.8099975585933,1885.159993489584,1862.4174926757807,1842.6019970703128,1816.5183349609367,-0.0115712091664102,0.009159408507767,0.0202970428365512,-0.0049319688398172,5.0,0.6859250000000001,0.0,0.0,0.0
1854.550048828125,1864.6500244140625,1840.0,1845.0,1866.95,1887.8599975585937,1886.789998372396,1864.5974975585937,1847.0539990234367,1823.031669108073,0.0051217133853066,-0.0051495233758503,0.0054460517753724,-0.0078455951282193,5.0,0.6669625000000001,1.0,1.0,1.0
1845.6500244140625,1861.199951171875,1823.25,1834.0,1853.910009765625,1883.4849975585937,1887.9200032552085,1867.867498779297,1850.01,1828.688338216146,-0.0047990208836296,-0.0063121524990963,0.0084251762534173,-0.0121366586935537,5.0,0.65748125,0.0,0.0,0.0
1809.5999755859373,1863.6500244140625,1797.25,1845.0999755859373,1844.3199951171875,1871.525,1885.0300048828128,1869.1899963378903,1850.857998046875,1832.8816691080729,-0.0195324402520839,0.0196175953132986,0.0298685066077235,-0.0068246992443391,5.0,0.6527406250000001,0.0,0.0,0.0
1757.199951171875,1818.5,1752.949951171875,1809.0,1822.419995117188,1854.4049926757807,1874.073331705729,1868.1174926757808,1851.399995117188,1835.1033325195312,-0.0289566893904801,0.0294787447459121,0.034885073145628,-0.0024186205998729,5.0,0.6503703125,0.0,0.0,0.0
1800.9000244140625,1806.5,1750.0,1750.0,1813.5800048828123,1846.25,1866.4,1867.2649963378904,1852.649995117188,1837.764998372396,0.0248691523198848,-0.0282636591282312,0.0031095427342,-0.0282636591282312,5.0,0.64918515625,1.0,1.0,1.0
1786.5,1814.5999755859373,1780.8499755859375,1809.949951171875,1799.9699951171874,1833.4599975585936,1858.563330078125,1865.0849975585936,1851.6719970703125,1839.2066650390625,-0.0079960154471915,0.0131261971295129,0.0157290655392876,-0.0031626221181429,5.0,0.6485925781249999,0.0,0.0,0.0
1776.699951171875,1812.550048828125,1764.949951171875,1795.449951171875,1786.17998046875,1820.044995117188,1851.0499918619792,1862.4849975585937,1851.529995117188,1839.3716634114585,-0.0054856136737335,0.0105532732117388,0.0201779133458095,-0.006613384546023,5.0,0.6482962890624999,0.0,0.0,0.0
1789.449951171875,1797.5999755859375,1757.050048828125,1785.4000244140625,1782.1499755859377,1813.2349853515625,1841.7333251953123,1859.3099975585933,1851.7819921875,1839.406660970052,0.0071762257839824,-0.0022632243808552,0.0045544858120927,-0.0181060679135127,5.0,0.64814814453125,1.0,1.0,1.0
1794.5,1840.0,1766.1500244140625,1796.0,1789.6099853515625,1806.014990234375,1832.8066569010416,1852.957495117188,1852.4159912109376,1841.10166015625,0.0028221235384749,0.0008358874338256,0.0253552521593758,-0.0157982588943647,5.0,0.6480740722656251,1.0,1.0,1.0
1811.0999755859373,1816.800048828125,1784.449951171875,1799.050048828125,1791.6499755859377,1802.614990234375,1828.0499918619792,1847.7124938964844,1852.1419921875,1842.4833251953123,0.0092504739960643,-0.0066533747005954,0.0031472990552845,-0.0147148278799134,5.0,0.6480370361328125,1.0,1.0,1.0
1881.300048828125,1902.0,1826.9000244140625,1840.199951171875,1810.6099853515625,1805.289990234375,1825.8433268229169,1846.5749938964843,1854.189995117188,1844.8283284505208,0.0387610149569329,-0.0218466467812252,0.0110030035797688,-0.0289161872121083,5.0,0.6480185180664062,1.0,1.0,1.0
1834.5999755859373,1889.0,1828.0,1888.9000244140625,1822.189990234375,1804.1849853515623,1820.759993489584,1843.834991455078,1854.42599609375,1846.6399943033853,-0.0248232987987627,0.0295977594847522,0.029652253972525,-0.0035975011848725,5.0,0.6480092590332032,0.0,0.0,0.0
1865.300048828125,1870.0,1810.0,1830.0,1837.360009765625,1809.7549926757813,1821.27666015625,1840.6399963378904,1854.92,1849.378328450521,0.0167339330920804,-0.0189245954559976,0.0025196756815761,-0.0296467310247845,5.0,0.6480046295166015,1.0,1.0,1.0
1813.949951171875,1877.949951171875,1801.449951171875,1874.6500244140625,1841.25,1815.4299926757808,1817.759993489584,1834.9174926757807,1850.61599609375,1850.5549926757808,-0.0275291354270379,0.0334629261424623,0.0352821200820088,-0.0068910390785172,5.0,0.6480023147583007,0.0,0.0,0.0
1794.6500244140625,1840.5,1789.5999755859375,1820.0,1837.960009765625,1814.8049926757808,1814.3966634114583,1830.5274963378904,1845.7619970703124,1849.7783284505208,-0.0106397239600486,0.014125303118202,0.0255481430709072,-0.0028139463179033,5.0,0.6480011573791504,0.0,0.0,0.0
1795.6500244140625,1825.0,1772.050048828125,1793.800048828125,1820.8300048828123,1815.719995117188,1810.469995117188,1824.5899963378904,1841.42599609375,1848.629996744792,0.00055721170501,-0.0010302539808898,0.0163450422893596,-0.0131428592794068,5.0,0.6480005786895753,1.0,1.0,1.0
1795.0999755859375,1825.75,1771.050048828125,1800.0,1812.9300048828125,1817.5599975585933,1807.099991861979,1818.8024963378907,1837.653994140625,1847.5099975585936,-0.0003063229586202,0.0027296665816416,0.0170742715341289,-0.0133975416884301,5.0,0.6480002893447876,0.0,0.0,0.0
1754.8499755859375,1803.0,1738.8499755859375,1803.0,1790.839990234375,1814.1,1803.4499918619792,1813.6674926757807,1830.679995117188,1844.239998372396,-0.0224221494888394,0.0274382568789024,0.0274382568789024,-0.0091175885247156,5.0,0.6480001446723938,0.0,0.0,0.0
1762.25,1778.3499755859375,1728.550048828125,1752.0,1780.5,1810.875,1803.7866617838545,1808.4449951171875,1824.033994140625,1838.929996744792,0.004216898605017,-0.0058164278621081,0.0091360338124202,-0.0191232521900269,5.0,0.6480000723361969,1.0,1.0,1.0
1770.5999755859375,1775.5,1723.0,1767.0,1775.689990234375,1806.825,1801.7666585286456,1804.719995117188,1819.559995117188,1834.0833292643229,0.0047382468922896,-0.0020331953211205,0.0027674372990098,-0.0268835288841486,5.0,0.6480000361680984,1.0,1.0,1.0
1697.9000244140625,1782.949951171875,1649.9000244140625,1780.0,1756.139990234375,1788.4849975585937,1795.8599934895833,1796.8874938964843,1810.899995117188,1827.2116617838544,-0.0410595008326579,0.0483538337978821,0.0500912453824617,-0.0282702157428642,5.0,0.6480000180840493,0.0,0.0,0.0
1649.5,1704.9000244140625,1617.699951171875,1704.9000244140625,1727.0199951171876,1769.975,1787.3799967447917,1787.079992675781,1800.44599609375,1819.2149943033853,-0.02850581525303,0.0335859499327446,0.0335859499327446,-0.0192785988651864,5.0,0.648,0.0,0.0,0.0
1642.8499755859375,1667.4000244140625,1635.0999755859375,1663.0,1704.6199951171875,1747.7299926757812,1777.6066650390626,1778.7424926757812,1791.8579931640625,1809.669995117188,-0.0040315395053425,0.0122652857616385,0.0149435731764666,-0.0047174118849384,5.0,0.46625,0.0,0.0,0.0
1665.050048828125,1675.5,1618.25,1638.0999755859375,1685.1800048828125,1732.8400024414063,1768.976668294271,1774.1349975585938,1783.7919970703124,1800.8916625976562,0.0135131470140903,-0.0161857436424539,0.006276058295803,-0.0281072925471899,5.0,0.375375,1.0,1.0,1.0
1694.699951171875,1704.050048828125,1641.75,1660.550048828125,1670.0,1722.8449951171874,1761.2166666666667,1768.8249938964843,1777.77599609375,1794.6333292643228,0.0178072138820198,-0.0201510021406063,0.0055172584679574,-0.0312444401354118,5.0,0.3299375,1.0,1.0,1.0
1737.8499755859375,1749.449951171875,1689.050048828125,1696.550048828125,1677.989990234375,1717.064990234375,1751.6533284505208,1766.392492675781,1773.1079931640625,1788.7483276367188,0.0254617487799091,-0.0237649551675988,0.0066749004510739,-0.0280806326457259,5.0,0.30721875,1.0,1.0,1.0
1766.949951171875,1780.699951171875,1734.0,1739.0,1701.47998046875,1714.2499877929688,1747.1433268229166,1765.9049926757812,1769.959990234375,1783.95166015625,0.0167448145667039,-0.0158181906359815,0.007781771063114,-0.0186479255680229,5.0,0.295859375,1.0,1.0,1.0
1766.0,1792.949951171875,1751.050048828125,1775.0,1726.1099853515625,1715.364990234375,1740.5233235677083,1764.7324951171877,1768.2159912109375,1780.899991861979,-0.0005376220029576,0.0050962627406567,0.0152604480021942,-0.0084654310146518,5.0,0.2901796875,0.0,0.0,0.0
1754.0999755859375,1786.0,1738.0999755859375,1768.800048828125,1743.919970703125,1714.5499877929688,1736.5333251953125,1762.7124938964844,1768.0919921875,1777.146659342448,-0.006738405670477,0.0083804078711517,0.0181859784835847,-0.0091214869293042,5.0,0.28733984375,0.0,0.0,0.0
1699.5999755859375,1783.9000244140625,1690.0,1760.0,1744.8999755859377,1707.4499877929688,1730.1966552734375,1757.1374938964843,1764.039990234375,1772.2966593424478,-0.0310700648529425,0.0355377884688656,0.0495999353018716,-0.0056483735725095,5.0,0.285919921875,0.0,0.0,0.0
1685.4000244140625,1705.0,1671.8499755859375,1700.0,1734.4099853515625,1706.1999877929688,1722.8466552734376,1747.3424926757812,1759.9959912109375,1766.6583251953125,-0.008354878427778,0.0086626174050361,0.0116292721621096,-0.0080396633629074,5.0,0.2852099609374999,0.0,0.0,0.0
1708.5999755859375,1735.800048828125,1685.0,1697.449951171875,1722.739990234375,1712.1099853515625,1717.079988606771,1741.0424926757812,1757.2719921875,1762.089990234375,0.0137652491015838,-0.0065258249873489,0.0159195093239186,-0.0138124639606437,5.0,0.2848549804687499,1.0,1.0,1.0
1695.949951171875,1744.0,1689.699951171875,1720.0,1708.72998046875,1717.4199829101562,1713.1533203125,1732.5749877929688,1753.5319921875,1758.3016560872395,-0.0074037367404997,0.0141808717948939,0.028332232796683,-0.0036852502608826,5.0,0.2846774902343749,0.0,0.0,0.0
1686.75,1732.3499755859375,1672.0999755859375,1709.0,1695.2599853515626,1719.5899780273437,1708.1199869791667,1726.214990234375,1749.2219921875,1755.9533243815104,-0.0054246595930015,0.0131910478731287,0.0270342229648361,-0.008685356107344,5.0,0.2845887451171874,0.0,0.0,0.0
1675.5,1707.25,1660.25,1697.0,1690.439990234375,1717.6699829101562,1701.7799886067708,1720.2574890136718,1743.7979931640623,1751.7733235677083,-0.0066696309470875,0.0128319904506117,0.0189495672933452,-0.0091017606684571,5.0,0.2845443725585937,0.0,0.0,0.0
1653.4000244140625,1680.9000244140625,1647.699951171875,1675.5,1684.039990234375,1709.2249877929687,1698.813321940104,1713.144989013672,1734.6819921875,1747.3366577148438,-0.0131900779384885,0.0133663815529272,0.0166323936094929,-0.0034474858824363,5.0,0.2845221862792968,0.0,0.0,0.0
1644.25,1715.300048828125,1622.0999755859375,1698.0,1671.1699951171877,1696.954992675781,1698.4633219401042,1705.602490234375,1727.0679931640625,1742.9216593424478,-0.0055340657305875,0.0326896761441386,0.0432112202086818,-0.0134712023196366,5.0,0.2845110931396484,0.0,0.0,0.0
1674.0999755859375,1685.050048828125,1642.4000244140625,1670.0,1666.8,1687.764990234375,1700.5466552734374,1701.564990234375,1719.419990234375,1739.07666015625,0.018154158787251,-0.0024490625683825,0.0065408717531072,-0.0189355185676888,5.0,0.2845055465698242,1.0,1.0,1.0
1663.0999755859375,1675.0,1642.199951171875,1670.0,1662.0699951171875,1678.664990234375,1700.416650390625,1696.607489013672,1713.3859912109374,1734.696659342448,-0.0065706947974537,0.0041488933409619,0.0071553271533599,-0.0125669080156766,5.0,0.2845027732849121,0.0,0.0,0.0
1647.25,1677.9000244140625,1637.0999755859375,1663.0999755859375,1656.4199951171877,1673.4299926757812,1697.2533203125,1690.439990234375,1707.489990234375,1729.2349934895833,-0.0095303805054493,0.0096220826140158,0.0186067836782894,-0.0061617996139399,5.0,0.284501386642456,0.0,0.0,0.0
1658.25,1666.9000244140625,1640.199951171875,1645.0999755859375,1657.389990234375,1670.714990234375,1691.9466552734375,1688.457489013672,1701.9939892578125,1721.7999918619792,0.006677796327212,-0.0079300614588044,0.0052163572525629,-0.0108849985394994,5.0,0.284500693321228,1.0,1.0,1.0
1721.0999755859375,1725.0,1656.0,1667.0,1672.7599853515626,1671.964990234375,1688.889990234375,1692.0374877929687,1699.0339892578124,1718.0166585286458,0.0379013873577189,-0.0314333718862087,0.0022660068963946,-0.037824633379461,5.0,0.2845003466606139,1.0,1.0,1.0
1688.1500244140625,1725.6500244140625,1680.0,1721.3499755859375,1675.5699951171875,1671.1849975585938,1683.6999918619792,1694.302490234375,1696.3659912109374,1712.1116577148437,-0.01914470492085,0.0196664696216193,0.0222136655259745,-0.0048277844363336,5.0,0.2845001733303069,0.0,0.0,0.0
1688.300048828125,1704.5,1676.550048828125,1690.0,1680.610009765625,1671.3400024414063,1679.313330078125,1695.464990234375,1693.4079931640624,1707.9233276367188,8.886912412572559e-05,0.0010069010973818,0.0095954218464422,-0.0069596633656179,5.0,0.2845000866651535,1.0,1.0,1.0
1667.9000244140625,1692.3499755859375,1656.199951171875,1690.0,1684.7400146484374,1670.5800048828123,1677.2,1694.1249938964845,1689.2999951171876,1703.698327636719,-0.0120831746870009,0.0132501800242501,0.0146591227375658,-0.0070148528514457,5.0,0.2845000433325767,0.0,0.0,0.0
1710.9000244140625,1717.8499755859375,1663.0,1669.9000244140625,1695.27001953125,1676.3300048828123,1678.9,1692.7774963378906,1689.8199951171875,1700.8733276367188,0.0257809217402619,-0.023963995215934,0.0040621608935069,-0.0279969745341882,5.0,0.2845000216662883,1.0,1.0,1.0
1764.3499755859375,1767.0,1713.449951171875,1714.0999755859375,1703.92001953125,1688.3400024414063,1682.6166666666666,1692.6474975585938,1694.413994140625,1699.8483276367188,0.0312408383945053,-0.0284807440107295,0.0015019834220715,-0.0288491654821253,5.0,0.2845000108331441,1.0,1.0,1.0
1766.550048828125,1776.0,1754.5,1761.050048828125,1719.6000244140623,1697.585009765625,1687.32333984375,1692.675,1699.3619970703126,1700.238330078125,0.0012469596580218,-0.003113413063869,0.0053493820784435,-0.0068212326257717,5.0,0.284500005416572,1.0,1.0,1.0
1797.199951171875,1805.5999755859373,1755.0,1760.0,1741.3800048828125,1710.9950073242187,1694.686669921875,1694.8299987792968,1704.6479931640624,1701.4033284505208,0.0173501466115167,-0.0206988382943247,0.004673950947186,-0.0234809438673522,5.0,0.284500002708286,1.0,1.0,1.0
1787.6500244140625,1807.300048828125,1780.0,1796.699951171875,1765.3300048828123,1725.035009765625,1702.1633382161458,1699.2325012207032,1708.36599609375,1701.9716634114584,-0.0053137808909828,0.0050624711963846,0.0109920980872657,-0.004279374771116,5.0,0.284500001354143,0.0,0.0,0.0
1807.5,1813.8499755859373,1756.0,1784.699951171875,1784.65,1739.960009765625,1712.436669921875,1705.3375,1711.1519970703123,1705.6249959309896,0.0111039494950605,-0.0126141348979944,0.0035131261886238,-0.0284923928077455,5.0,0.2845000006770715,1.0,1.0,1.0
1808.0999755859373,1832.949951171875,1802.050048828125,1820.0,1793.4,1748.660009765625,1723.360001627604,1710.3125,1712.797998046875,1710.9116617838542,0.0003319367003803,0.0065815079778461,0.0137436955486294,-0.0033460134060628,5.0,0.2845,1.0,1.0,1.0
1769.6500244140625,1811.0,1763.0999755859375,1809.9000244140625,1794.0199951171876,1756.810009765625,1729.7300048828124,1713.9975036621097,1712.9439990234375,1715.138330078125,-0.0212653900177255,0.0227446102024195,0.0233661882380549,-0.0037013244075159,5.0,0.2845,0.0,0.0,0.0
1757.0,1780.800048828125,1737.4000244140625,1761.3499755859375,1785.9800048828124,1763.6800048828125,1735.9900065104166,1717.5100036621093,1713.06,1718.2033284505208,-0.007148319859601,0.0024757971462365,0.0135458445236908,-0.0111553645907441,5.0,0.2845,0.0,0.0,0.0
1738.25,1758.699951171875,1730.6500244140625,1747.0,1776.1,1770.7150024414063,1742.0566731770834,1720.647503662109,1714.6060009765624,1719.6549967447916,-0.0106715993170176,0.00503379836042,0.0117646777919602,-0.0043721993878541,5.0,0.2845,0.0,0.0,0.0
1686.5,1755.0,1679.199951171875,1739.550048828125,1751.9,1768.275,1743.9400065104169,1722.3025024414062,1714.65,1717.9433308919272,-0.0297713217316266,0.0314557063908242,0.0406166617254668,-0.0043285199099466,5.0,0.2845,0.0,0.0,0.0
1695.550048828125,1709.0,1684.1500244140625,1687.0999755859375,1729.3900146484375,1761.3950073242188,1742.236678059896,1724.8675048828125,1714.1280029296877,1715.5633341471355,0.0053661718518381,-0.0049836766824002,0.0079325002415415,-0.0067234962612525,5.0,0.2845,1.0,1.0,1.0
1675.0,1702.8499755859375,1668.550048828125,1700.0,1710.460009765625,1752.2400024414062,1741.360009765625,1724.9125061035156,1713.2900048828126,1712.5300008138022,-0.0121199895233573,0.0149253731343284,0.016626851096082,-0.0038507171175372,5.0,0.2845,0.0,0.0,0.0
1711.300048828125,1716.75,1660.3499755859375,1676.75,1701.32001953125,1743.6500122070313,1742.8933430989584,1727.322509765625,1714.2720068359374,1711.1033365885417,0.0216716709421641,-0.0201893577060225,0.0031846847521608,-0.0297727293802612,5.0,0.2845,1.0,1.0,1.0
1705.300048828125,1722.1500244140625,1701.1500244140625,1711.3499755859375,1694.730029296875,1735.4150146484376,1745.3866780598958,1730.225012207031,1715.4640087890623,1711.293339029948,-0.0035061063687275,0.0035477198056552,0.0098809447624872,-0.0024336036446573,5.0,0.2845,0.0,0.0,0.0
1771.0,1800.0,1675.0,1690.050048828125,1711.630029296875,1731.7650146484375,1749.3933430989584,1735.8625122070312,1720.1680078125,1714.1466715494792,0.0385269156691948,-0.0457086116159655,0.0163749294184076,-0.0542066629023151,5.0,0.2845,1.0,1.0,1.0
1789.949951171875,1808.800048828125,1731.550048828125,1736.800048828125,1730.510009765625,1729.9500122070312,1751.100008138021,1739.3050109863282,1725.996005859375,1716.8583374023438,0.010700141824887,-0.0296935131113319,0.0105310752649305,-0.0326265560137677,5.0,0.2845,1.0,1.0,1.0
1826.949951171875,1832.949951171875,1762.5999755859375,1790.0,1760.9,1735.6800048828125,1755.1266682942708,1746.2450073242187,1732.1100048828123,1721.2250040690103,0.0206709690266904,-0.0202249389197409,0.0032841622159114,-0.0352226264023604,5.0,0.2845,1.0,1.0,1.0
1835.800048828125,1851.449951171875,1815.199951171875,1831.800048828125,1785.8,1743.560009765625,1757.7000081380208,1753.6200073242187,1739.0180078125,1726.193339029948,0.0048441927216305,-0.0021788865309996,0.0085248403570639,-0.0112213188301198,5.0,0.2845,1.0,1.0,1.0
1824.699951171875,1859.4000244140625,1813.050048828125,1830.0,1809.67998046875,1752.2050048828123,1760.1700032552085,1761.460003662109,1746.116005859375,1731.1666707356771,-0.0060464633189958,0.0029046138926682,0.0190168653316957,-0.0063845578207354,5.0,0.2845,0.0,0.0,0.0
1776.0,1833.0999755859373,1767.75,1826.0,1810.67998046875,1761.1550048828126,1758.0700032552083,1764.7150024414063,1750.826005859375,1735.2533365885415,-0.0266892927467874,0.0281531531531531,0.0321508871542441,-0.0046452702702702,5.0,0.2845,0.0,0.0,0.0
1779.699951171875,1805.0,1764.6500244140625,1772.0,1808.62998046875,1769.5699951171875,1756.176668294271,1765.4825012207032,1753.1700048828125,1739.7683349609374,0.0020833058400197,-0.0043265445766882,0.0142159069069287,-0.0084564405072341,5.0,0.2845,1.0,1.0,1.0
1764.449951171875,1779.5,1707.300048828125,1774.0999755859375,1796.12998046875,1778.514990234375,1755.8299967447915,1765.3774963378903,1756.222001953125,1742.7800008138022,-0.0085688601553078,0.0054691403446458,0.0085295980303263,-0.0323896420557542,5.0,0.2845,0.0,0.0,0.0
1727.9000244140625,1761.75,1721.3499755859375,1755.0999755859375,1774.5499755859375,1780.1749877929688,1753.889998372396,1761.9125,1757.8060009765625,1744.9400024414062,-0.0207146293571758,0.015741623234885,0.0195902396595057,-0.0037907568352203,5.0,0.2845,0.0,0.0,0.0
