Price,Close,High,Low,Open,Volume,MA_5,MA_10,MA_15,MA_20,MA_25,MA_30,Normalised Close,Return Ratio,Percentage Change Open,Percentage Change High,Percentage Change Low,Sector,Sector Encoded,VADER Sentiment Score
Ticker,COFORGE.NS,COFORGE.NS,COFORGE.NS,COFORGE.NS,COFORGE.NS,,,,,,,,,,,,,,
Date,,,,,,,,,,,,,,,,,,,
2023-01-10,3833.763671875,3877.7501860970315,3816.5937226363326,3858.4578966139616,187377,,,,,,,-1.2582777917225687,,0.006441248562117,0.0114734548049277,-0.0044786144134623,Information Technology,10.0,0.81245
2023-01-11,3796.8193359375,3915.3703671679896,3772.9931687066983,3849.7283014705336,399848,,,,,,,-1.2843722266023765,-0.0096365710303242,0.0139350758758105,0.0312237746232446,-0.0062752965370996,Information Technology,10.0,0.81245
2023-01-12,3766.04833984375,3835.7417459081703,3714.77916716102,3819.873882561992,208072,,,,,,,-1.306106322868542,-0.0081044140822023,0.0142923132846657,0.0185057120289942,-0.0136135195452263,Information Technology,10.0,0.81245
2023-01-13,3746.997314453125,3788.0417147396406,3656.3718155641986,3788.0417147396406,351833,,,,,,,-1.3195623974963342,-0.0050586247630096,0.0109539444098869,0.0109539444098869,-0.0241861659573014,Information Technology,10.0,0.81245
2023-01-16,3760.550048828125,3810.22770113405,3720.132790958513,3761.996970739948,252525,3780.8357421875,,,,,,-1.3099898626106063,0.0036169586571956,0.0003847633705271,0.0132102090547647,-0.0107476984336923,Information Technology,10.0,0.81245
2023-01-17,3779.35986328125,3797.6392621761256,3742.8973856469756,3760.549879275639,139585,3769.95498046875,,,,,,-1.2967041595145026,0.0050018785041796,-0.0049770290964777,0.0048366388902181,-0.0096477919418389,Information Technology,10.0,0.81245
2023-01-18,3786.884033203125,3808.29843016299,3772.607690062678,3783.218450633041,81445,3767.967919921875,,,,,,-1.2913897058352397,0.0019908582918966,-0.0009679680016457,0.005654885856579,-0.0037699446339716,Information Technology,10.0,0.81245
2023-01-19,3826.192138671875,3852.670762687166,3740.7754676266477,3761.9969891036426,198704,3779.9966796875,,,,,,-1.263625698921212,0.0103800658071647,-0.0167778164926436,0.0069203592124054,-0.0223241980406339,Information Technology,10.0,0.81245
2023-01-20,3956.848876953125,4099.611830095266,3898.0073895094047,3898.0073895094047,1986822,3821.9669921875,,,,,,-1.1713405444537996,0.0341479814776376,-0.0148707947342759,0.0360799609946367,-0.0148707947342759,Information Technology,10.0,0.81245
2023-01-20,3956.848876953125,4099.611830095266,3898.0073895094047,3898.0073895094047,1986822,3821.9669921875,,,,,,-1.1713405444537996,0.0341479814776376,-0.0148707947342759,0.0360799609946367,-0.0148707947342759,Information Technology,10.0,0.81245
2023-01-23,4204.658203125,4260.702401818658,3924.244804853193,3979.9995720859815,1461912,3910.788623046875,3845.8121826171873,,,,,-0.9963084546812148,0.0626279481168091,-0.0534308902616738,0.0133290736098368,-0.0666911279645506,Information Technology,10.0,0.730225
2023-01-24,4170.9931640625,4302.180738140321,4149.771644726382,4204.658116445069,1169538,3989.115283203125,3879.5351318359376,,,,,-1.0200866644460007,-0.0080066053971947,0.0080712077575739,0.0314523589269195,-0.0050878815911192,Information Technology,10.0,0.6891125
2023-01-25,4121.50927734375,4207.649178731705,4099.612335994899,4181.604582714796,521283,4056.04033203125,3912.0041259765626,,,,,-1.0550380048021155,-0.0118638139101031,0.01458089775544,0.0209000867379998,-0.0053128453378038,Information Technology,10.0,0.66855625
2023-01-27,4142.15185546875,4216.523739053384,4099.612255278039,4152.5214629379825,744813,4119.232275390625,3949.614477539063,,,,,-1.040457788458657,0.0050084997353939,0.00250343488869,0.0179548906413082,-0.0102699277271902,Information Technology,10.0,0.658278125
2023-01-30,4262.2939453125,4296.827428465393,4115.238741210609,4157.488669684548,578458,4180.3212890625,4001.144140625,,,,,-0.9555993152936392,0.0290047526106823,-0.0245889366084693,0.0081020885926628,-0.0345014224707839,Information Technology,10.0,0.6531390625
2023-01-31,4223.951171875,4268.420003285018,4106.557846702996,4268.420003285018,345852,4184.1798828125,4047.484252929688,3958.601416015625,,,,-0.9826814911992692,-0.0089958069362315,0.0105277806491019,0.0105277806491019,-0.0277923016614544,Information Technology,10.0,0.6505695312499999
2023-02-01,4198.7255859375,4272.952856950418,4167.182504730505,4244.303619120096,162450,4189.7263671875,4089.420825195312,3982.9322102864585,,,,-1.0004987666448115,-0.0059720354026494,0.0108552064786628,0.0176785239934522,-0.0075125369737523,Information Technology,10.0,0.649284765625
2023-02-02,4295.75537109375,4371.422147831862,4216.697641891673,4253.223233373643,634419,4224.5755859375,4140.307958984375,4016.194612630208,,,,-0.9319649211740236,0.0231093419110849,-0.0099009682921674,0.0176143123156584,-0.0184036851199811,Information Technology,10.0,0.6486423828125001
2023-02-03,4192.32470703125,4366.153417640024,4176.367385806196,4329.908676471805,448859,4234.61015625,4176.921215820313,4044.613037109375,,,,-1.005019820104136,-0.0240774101706274,0.0328180613514508,0.0414635608537747,-0.0038063180550617,Information Technology,10.0,0.6483211914062501
2023-02-06,4201.2763671875,4225.748030195969,4145.03639209694,4199.525133401501,175369,4222.406640625,4201.36396484375,4074.898307291666,,,,-0.9986971049412866,0.0021352497198598,-0.0004168337507325,0.0058248162866874,-0.0133864021728732,Information Technology,10.0,0.6481605957031251
2023-02-07,4186.486328125,4260.97029211678,4177.145307190136,4192.713517046889,148761,4214.913671875,4199.54677734375,4103.294059244791,4022.679479980469,,,-1.0091435699106155,-0.0035203680429147,0.0014874499601382,0.0177915220913045,-0.0022312316827862,Information Technology,10.0,0.6480802978515625
2023-02-08,4212.6123046875,4353.261176575674,4195.6330338386915,4226.866853438879,740144,4217.691015625,4203.70869140625,4132.177555338541,4041.6219116210937,,,-0.9906903327152072,0.0062405498345914,0.0033837789286987,0.0333875661265266,-0.0040305799871294,Information Technology,10.0,0.6480401489257812
2023-02-09,4223.3642578125,4242.338017293515,4159.631886222425,4212.174604785235,329010,4203.21279296875,4213.894189453125,4161.276236979166,4062.949157714844,,,-0.9830960389342688,0.002552324388607,-0.0026494643474254,0.004492569980417,-0.0150904273701186,Information Technology,10.0,0.6480200744628906
2023-02-10,4217.33056640625,4252.067324753065,4183.956406507593,4213.1952606556315,225248,4208.21396484375,4221.412060546875,4187.352132161458,4085.5132690429687,,,-0.9873577413979862,-0.001428645752042,-0.0009805505367681,0.0082366695709166,-0.0079135745640864,Information Technology,10.0,0.6480100372314452
2023-02-13,3923.4326171875,4013.4363414332297,3892.3448918368194,3940.7036021103295,8266976,4152.64521484375,4187.525927734375,4185.124381510416,4094.335034179688,,,-1.194943037021429,-0.0696881462316082,0.0044020088040177,0.0229400458800916,-0.0079236037378324,Information Technology,10.0,0.648
2023-02-13,3923.4326171875,4013.4363414332297,3892.3448918368194,3940.7036021103295,8266976,4152.64521484375,4187.525927734375,4185.124381510416,4094.335034179688,,,-1.194943037021429,-0.0696881462316082,0.0044020088040177,0.0229400458800916,-0.0079236037378324,Information Technology,10.0,0.648
2023-02-14,3969.796630859375,3984.4892258338236,3901.7831002670655,3908.5941929607984,463716,4109.307275390625,4162.1104736328125,4169.466943359375,4104.79736328125,4040.0050390625,,-1.1621953179238655,0.0118172065626326,-0.015417020968484,0.0037010951292151,-0.0171327493362263,Information Technology,10.0,0.5740000000000001
2023-02-15,4003.94921875,4013.630889891651,3955.298559955954,3969.8937575941673,374514,4067.574658203125,4142.632836914063,4158.330680338541,4116.026831054687,4046.8124609375,,-1.13807274383845,0.0086031076819246,-0.0085054678007291,0.0024180304526122,-0.0121506682867558,Information Technology,10.0,0.537
2023-02-16,4115.1650390625,4128.447050947136,4016.112473252651,4042.772943166313,840561,4045.934814453125,4124.573803710938,4157.907731119792,4132.440881347657,4059.5462890625,,-1.0595190519908408,0.0277765311786897,-0.0175915413377149,0.0032275769643643,-0.0240701320286329,Information Technology,10.0,0.5185
2023-02-17,4090.64404296875,4113.363991509825,4039.949970714276,4081.7895296595343,352234,4020.597509765625,4114.405737304687,4154.473876953125,4145.6634765625,4072.5301171875,,-1.076838663225398,-0.0059586908085067,-0.00216457682854,0.0055541250478949,-0.0123926872448386,Information Technology,10.0,0.50925
2023-02-20,4218.4501953125,4247.0566878788895,4062.3300400202634,4090.644818673319,582774,4079.601025390625,4116.123120117188,4151.550960286459,4158.743542480469,4091.388232421875,,-0.9865669277903708,0.0312435281587091,-0.0302967608296518,0.0067812801483768,-0.0370088890620815,Information Technology,10.0,0.504625
2023-02-21,4222.8291015625,4264.717132500576,4179.091965341084,4222.877562184006,370734,4130.20751953125,4119.757397460938,4151.476155598958,4159.652087402344,4109.87939453125,4055.038785807292,-0.9834740292151002,0.001038036730851,1.1475866140919775e-05,0.0099194236685014,-0.0103573067177246,Information Technology,10.0,0.5023124999999999
2023-02-22,4225.3583984375,4251.094788330679,4163.4262015660715,4183.956875674507,298410,4174.48935546875,4121.032006835938,4153.251676432292,4162.370349121094,4127.7193359375,4068.091943359375,-0.9816875423038712,0.0005989579057471,-0.0097983458109265,0.0060909365469912,-0.0146572647883148,Information Technology,10.0,0.50115625
2023-02-23,4301.5947265625,4311.276399667522,4207.5046184364965,4256.9335077534215,459676,4211.77529296875,4128.855053710938,4153.640966796875,4171.374621582031,4148.307763671875,4084.917789713542,-0.927840481604258,0.0180425708155766,-0.0103824794403093,0.0022507171689694,-0.0218733084139688,Information Technology,10.0,0.500578125
2023-02-24,4259.36572265625,4320.179053933466,4240.586755999506,4310.448920929111,328145,4245.51962890625,4133.058569335937,4158.110367838542,4177.235314941407,4165.63470703125,4101.361702473959,-0.9576675705072762,-0.0098170577635973,0.0119931467732723,0.014277555682467,-0.0044088645773843,Information Technology,10.0,0.5002890625
2023-02-27,4158.60986328125,4263.743747150993,4043.8427688634247,4263.743747150993,464622,4233.5515625,4156.5762939453125,4155.265934244791,4172.051110839844,4173.705146484375,4115.082120768229,-1.0288332077965174,-0.0236551322275669,0.02528101633145,0.02528101633145,-0.027597466026128,Information Technology,10.0,0.50014453125
2023-02-28,4182.64306640625,4220.785373607449,4149.560617849489,4158.658386223418,248384,4225.51435546875,4177.8609375,4155.009716796875,4169.985705566406,4172.824541015625,4129.151888020833,-1.0118581333234116,0.0057791434914832,-0.0057343358737611,0.009119187699172,-0.0079094601264136,Information Technology,10.0,0.5000722656250001
2023-03-01,4184.296875,4192.713343083781,4126.889103535173,4177.729036739193,308649,4217.30205078125,4195.895703125,4153.122021484375,4169.264270019531,4173.356689453125,4142.649788411459,-1.0106900191982509,0.0003953979738392,-0.0015696396448463,0.0020114414285627,-0.01371981319199,Information Technology,10.0,0.5
2023-03-01,4184.296875,4192.713343083781,4126.889103535173,4177.729036739193,308649,4217.30205078125,4195.895703125,4153.122021484375,4169.264270019531,4173.356689453125,4142.649788411459,-1.0106900191982509,0.0003953979738392,-0.0015696396448463,0.0020114414285627,-0.01371981319199,Information Technology,10.0,0.5
2023-03-02,4135.01416015625,4184.053927736037,4111.515512576868,4183.956531400538,189586,4183.9859375,4197.880615234375,4147.232014973958,4161.227209472656,4173.896884765625,4154.254125976562,-1.0454992683174107,-0.0117780158330065,0.0118360831060462,0.0118596371573087,-0.0056828457338328,Information Technology,10.0,0.455525
2023-03-03,4143.4794921875,4182.351561223365,4125.576143566432,4174.226805636791,323213,4160.80869140625,4203.16416015625,4142.308610026042,4158.784948730468,4173.949990234375,4164.83037109375,-1.0395200552710833,0.0020472316909623,0.0074206505685052,0.0093815039049083,-0.0043208488553702,Information Technology,10.0,0.4332875
2023-03-06,4211.5419921875,4247.3976254412755,4164.496706567946,4169.313312193127,217940,4171.3951171875,4202.47333984375,4161.515901692708,4159.298229980469,4171.919912109375,4173.320141601563,-0.9914463132768702,0.0164264116977847,-0.0100268927800573,0.0085136592061265,-0.011170560736857,Information Technology,10.0,0.42216875
2023-03-08,4164.107421875,4203.417060475291,4136.3276097114785,4164.496532137557,191561,4167.68798828125,4196.601171875,4174.469954427083,4158.179284667969,4169.526162109375,4171.968448893229,-1.0249501853769178,-0.0112629935544967,9.344385798315535e-05,0.0094401115575906,-0.0066712525276335,Information Technology,10.0,0.416609375
2023-03-09,4140.51171875,4182.691935003774,4129.467924167612,4179.091596206384,135724,4158.93095703125,4188.11650390625,4183.57412109375,4154.574255371093,4167.197607421875,4170.952400716146,-1.041616245897811,-0.005666449189338,0.0093176592839183,0.0101871988582387,-0.002667253550419,Information Technology,10.0,0.4138296875
2023-03-10,4024.722900390625,4125.429757971771,4006.819554063678,4095.4122082999606,356622,4136.872705078125,4160.429321289063,4177.544645182292,4144.6421875,4156.35630859375,4167.726188151041,-1.1233999267738208,-0.02796485705741,0.0175637701424051,0.0250220599215345,-0.0044483425989921,Information Technology,10.0,0.41243984375
2023-03-13,3974.418212890625,4060.481419184516,3955.3472969872105,4044.864272495732,276920,4103.06044921875,4131.9345703125,4169.796256510416,4132.496569824219,4147.640048828125,4162.135066731771,-1.1589310131719772,-0.0124989194896169,0.0177248733856498,0.0216542904354539,-0.0047984169963694,Information Technology,10.0,0.411744921875
2023-03-14,3815.81689453125,3989.3538834836013,3741.624642429878,3989.3538834836013,882239,4023.9154296875,4097.6552734375,4142.954036458334,4127.115783691406,4132.221669921875,4147.252498372396,-1.2709539165145032,-0.0399055433685784,0.0454783323594643,0.0454783323594643,-0.019443347034734,Information Technology,10.0,0.4113974609375
2023-03-15,3843.40185546875,3910.4423649648475,3750.9656083119066,3853.131986748418,471814,3959.77431640625,4063.73115234375,4117.65888671875,4120.796044921875,4118.498291015625,4134.567521158854,-1.2514701729695286,0.0072291102272318,0.0025316455696202,0.0174430132515823,-0.0240506329113924,Information Technology,10.0,0.41122373046875
2023-03-16,3748.095458984375,3838.1478760984796,3732.527248139868,3808.470974176138,345380,3881.291064453125,4020.1110107421873,4085.841357421875,4108.003356933594,4099.9176171875,4119.546516927084,-1.318786758681015,-0.0247974060658695,0.0161083184386459,0.0240261802559602,-0.0041536324287551,Information Technology,10.0,0.411136865234375
2023-03-17,3795.724609375,3837.5641782555754,3775.2913315496025,3795.724609375,251762,3835.49140625,3986.1820556640623,4052.116682942709,4092.031335449218,4082.81203125,4102.878824869792,-1.2851454512461942,0.0127075606562942,0.0,0.0110228146629069,-0.0053832350679313,Information Technology,10.0,0.4110934326171875
2023-03-20,3672.7841796875,3785.0213473077947,3648.799499332707,3751.014583484424,265027,3775.164599609375,3939.112524414063,4013.011246744792,4071.138342285156,4061.03017578125,4085.5608072916666,-1.3719804411077858,-0.0323891858181311,0.0213000274368366,0.0305591513492753,-0.0065303810900301,Information Technology,10.0,0.4110717163085938
2023-03-21,3612.40869140625,3697.255390004987,3603.1650665434418,3687.7198136887355,247105,3734.482958984375,3879.1991943359376,3976.597835286458,4040.836267089844,4048.58921875,4065.931884765625,-1.414624711394764,-0.0164386158639975,0.0208478964358731,0.0234875690562319,-0.002558853566264,Information Technology,10.0,0.4110608581542969
2023-03-22,3637.755615234375,3691.709385882286,3613.7222372988867,3658.5295415616665,192165,3693.3537109375,3826.564013671875,3940.272005208333,4011.5825927734377,4035.307578125,4047.640861002604,-1.3967217328609127,0.0070166268529981,0.0057106437387639,0.0148316094742484,-0.0066066499450485,Information Technology,10.0,0.4110554290771485
2023-03-23,3647.4375,3658.529755834633,3559.282406075289,3617.711898223432,238035,3673.222119140625,3777.256591796875,3904.481380208333,3982.6865478515615,4021.047109375,4028.8017008463535,-1.3898832472008156,0.0026614995040015,-0.0081497220381618,0.0030411092265825,-0.0241690485237131,Information Technology,10.0,0.4110527145385743
2023-03-24,3600.635498046875,3724.3055759894014,3570.9585941986306,3668.2599182912363,270367,3634.204296875,3734.8478515625,3868.856136067708,3947.638586425781,4000.465927734375,4008.044075520833,-1.4229403251322346,-0.012831474686852,0.0187812457775977,0.0343467362940819,-0.0082421294419672,Information Technology,10.0,0.4110513572692871
2023-03-27,3537.632568359375,3622.527965894782,3525.1779524999333,3567.0662162154904,272941,3607.173974609375,3691.169287109375,3828.466341145833,3911.551928710937,3978.34546875,3985.3874755859374,-1.4674404035407036,-0.01749772497707,0.0083201540259918,0.0239977996286873,-0.003520607530255,Information Technology,10.0,0.41105
2023-03-28,3500.9501953125,3558.0173245294177,3483.3872595243206,3558.0173245294177,222037,3584.882275390625,3659.6826171875,3781.0935546875,3878.6689453125,3949.64546875,3971.304728190104,-1.4933498094189912,-0.0103691868327317,0.0163004687394086,0.0163004687394086,-0.0050166197198963,Information Technology,10.0,0.455525
2023-03-29,3561.568603515625,3574.8501373393115,3468.548455928228,3483.3869057361826,348819,3569.644873046875,3631.4992919921874,3740.924300130208,3847.615222167969,3923.195048828125,3957.697127278646,-1.4505339605145735,0.0173148444911579,-0.0219514788237601,0.0037291248048896,-0.0261177469656422,Information Technology,10.0,0.4777625
2023-03-31,3711.169677734375,3721.1915234815083,3580.7372129924424,3594.310699390125,276488,3582.39130859375,3627.806713867188,3712.3014973958334,3823.958862304688,3902.6275,3947.937809244792,-1.344868088058385,0.0420042657808356,-0.0314884493278115,0.0027004547399869,-0.035145917882569,Information Technology,10.0,0.48888125
2023-04-03,3747.414306640625,3774.318025334815,3669.524556132524,3746.1006438615723,169214,3611.7470703125,3622.97568359375,3693.8142578125,3804.5788696289055,3880.460283203125,3935.679451497396,-1.3192678685731316,0.0097663626440214,-0.0003505517862609,0.007179275226258,-0.0207849317248097,Information Technology,10.0,0.5
2023-04-05,3969.115234375,4008.8142188095417,3717.980680334685,3747.073678795035,846049,3698.043603515625,3652.6087890625,3693.460725911458,3795.860656738281,3868.850263671875,3931.6284912109377,-1.162676600256804,0.0591610400113776,-0.0559423303352211,0.0100019732586054,-0.0632721750845967,Information Technology,10.0,0.5
2023-04-06,3892.150390625,3965.0289879220554,3860.9165703250837,3955.298855436357,299744,3776.283642578125,3680.582958984375,3698.549625651042,3779.891076660156,3858.191884765625,3920.751831054688,-1.217038224367914,-0.01939093203529,0.0162245695755904,0.0187245070161208,-0.0080248235975539,Information Technology,10.0,0.5
2023-04-10,3951.69873046875,3960.1638981706433,3883.2958519899357,3930.9248027142785,194314,3854.30966796875,3711.9772705078126,3705.769417317708,3769.270642089844,3848.954111328125,3911.714152018229,-1.1749781835843376,0.0152995989022376,-0.0052569614161875,0.0021421591774253,-0.0173097402267556,Information Technology,10.0,0.5
2023-04-11,3896.77197265625,3961.477349852089,3887.187697704919,3951.698519772985,191875,3891.430126953125,3736.9107177734377,3715.681184895833,3757.083654785156,3837.453115234375,3900.761271158854,-1.2137739196160255,-0.0138995306977727,0.0140953967802468,0.0166048661943472,-0.0024595421591471,Information Technology,10.0,0.5
2023-04-12,3955.493408203125,3968.921038535747,3887.1879257049054,3911.513256904561,164378,3933.045947265625,3772.3965087890624,3726.3324381510415,3753.622180175781,3830.27228515625,3889.224560546875,-1.1722979358950296,0.0150692511542694,-0.0111187522667477,0.0033946789810785,-0.017268511270064,Information Technology,10.0,0.5
2023-04-13,3919.978515625,4018.5448074439046,3884.2689761055854,3940.703745798502,435682,3923.218603515625,3810.631103515625,3742.812060546875,3750.9001953125,3821.33224609375,3877.911653645833,-1.1973827297646784,-0.0089786251455942,0.0052870774905759,0.0251446000089081,-0.009109626335215,Information Technology,10.0,0.5
2023-04-17,3786.8701171875,3804.481751775366,3650.745660527154,3783.075460588906,734729,3902.162548828125,3839.223095703125,3754.442822265625,3749.4528564453126,3804.34537109375,3865.520328776042,-1.2913995349620675,-0.0339564101963648,-0.0010020561786291,0.0046507099643928,-0.0359464286991297,Information Technology,10.0,0.5
2023-04-18,3919.49169921875,3949.4605530941017,3747.5116172381186,3813.53065744924,566817,3895.721142578125,3875.015405273437,3773.2252278645833,3753.257348632813,3794.5607421875,3856.7486165364585,-1.1977265767628436,0.0350214234782754,-0.0270343835121861,0.0076461072442952,-0.0438781595110691,Information Technology,10.0,0.5
2023-04-19,3796.64892578125,3919.4918460847066,3778.064515617071,3919.4918460847066,381807,3875.696533203125,3883.563330078125,3783.17265625,3755.685021972656,3780.80623046875,3843.827018229167,-1.2844925902958164,-0.0313415062116308,0.032355617468154,0.032355617468154,-0.0048949509231631,Information Technology,10.0,0.5
2023-04-20,3710.536865234375,3894.9715511459076,3697.693139455967,3814.2114615268442,897812,3826.705224609375,3879.8755859375,3790.4994140625,3751.425634765625,3768.2387890625,3829.677775065104,-1.3453150546678354,-0.0226810701305903,0.027940591902978,0.0497056605580665,-0.0034614198012008,Information Technology,10.0,0.5
2023-04-21,3727.370361328125,3757.971579330674,3668.3085068787063,3707.277733524062,410881,3788.18359375,3855.701098632812,3803.148600260417,3754.154943847656,3758.356875,3815.807470703125,-1.3334252600221563,0.0045366739922382,-0.0053905638174639,0.0082098678253279,-0.01584544832523,Information Technology,10.0,0.5
2023-04-24,3786.578125,3802.486747704195,3677.9897608493457,3741.2356165253263,288023,3788.1251953125,3845.1438720703127,3822.190462239583,3762.863415527344,3757.18732421875,3801.6420084635415,-1.2916057741846385,0.0158845936765935,-0.0119745339929236,0.0042013190218266,-0.0286771751607936,Information Technology,10.0,0.5
2023-04-25,3823.89306640625,3845.3480543514897,3736.3705791269535,3795.4324311355567,387700,3769.00546875,3832.3633056640624,3839.678759765625,3772.1702880859375,3756.40697265625,3790.3015299479166,-1.265249574137722,0.0098545283299152,-0.0074428428767336,0.0056107709009245,-0.0228883197723809,Information Technology,10.0,0.5
2023-04-26,3837.271728515625,3890.1063875426807,3780.3504619645378,3826.8605358192503,415676,3777.130029296875,3826.41328125,3848.0855631510417,3781.661999511719,3759.9740234375,3780.193530273437,-1.2557999895577572,0.0034987019451222,-0.0027131757751234,0.0137688083526714,-0.0148337857150153,Information Technology,10.0,0.5
2023-04-27,3941.968505859375,3964.4449687110705,3820.0499018779237,3820.0499018779237,700170,3823.416357421875,3825.060791015625,3861.055843098958,3798.728649902344,3765.823779296875,3777.435050455729,-1.181850812527101,0.0272841708252571,-0.0309283556680451,0.0057018372466157,-0.0309283556680451,Information Technology,10.0,0.5
2023-04-28,4071.573974609375,4106.115945238753,3969.942787408843,3978.6512085500617,649355,3892.257080078125,3840.220336914064,3867.88642578125,3825.425720214844,3781.77537109375,3780.673575846354,-1.090308188237271,0.0328783623099355,-0.0228223204683953,0.0084836898076232,-0.0249611545398196,Information Technology,10.0,0.5
2023-05-02,4019.177001953125,4092.834293477814,3979.5267128456753,4075.855022579112,1158608,3938.77685546875,3863.451025390625,3876.3548665364574,3851.337060546875,3798.046103515625,3787.45224609375,-1.127317092476087,-0.0128689722900778,0.0141018971292987,0.0183264612354456,-0.0098652756741446,Information Technology,10.0,0.5
2023-05-03,3988.624267578125,4030.1721202960034,3946.4440513157356,3984.4889615740494,442070,3971.723095703125,3870.3642822265615,3878.816569010417,3872.68984375,3812.080849609375,3792.2929931640624,-1.1488970266477891,-0.0076017389530624,-0.0010367750198206,0.0104165872568151,-0.0105751290251264,Information Technology,10.0,0.5
2023-05-04,3994.1708984375,4027.5935232223246,3974.9049511803014,4002.73322492684,316363,4003.1029296875,3890.1164794921874,3885.309830729167,3886.839904785156,3825.950185546875,3800.4955078125,-1.1449793436230584,0.0013906125238371,0.0021437055917385,0.0083678504587521,-0.0048235160054707,Information Technology,10.0,0.5
2023-05-05,4006.478759765625,4015.430195053804,3952.427835573033,4005.8948568958635,197974,4016.00498046875,3919.7106689453126,3888.708854166666,3899.7931274414063,3842.183916015625,3807.520646158854,-1.1362860844863996,0.0030814558618259,-0.0001457396643719,0.0022342400459156,-0.0134908800055023,Information Technology,10.0,0.5
2023-05-08,4005.165283203125,4014.9438750858694,3989.353819892575,4008.814082428636,179821,4002.7232421875,3947.490161132812,3894.387972005208,3901.595629882812,3860.885224609375,3818.6000162760415,-1.1372138161063234,-0.0003278381444799,0.0009110233829334,0.0024414952171272,-0.0039477679927119,Information Technology,10.0,0.5
2023-05-09,4013.72802734375,4059.4111884539275,3981.083623576041,4008.8145005824977,354599,4001.633447265625,3970.205151367188,3909.511832682292,3907.67451171875,3881.396337890625,3831.977327473958,-1.1311657991721986,0.0021379252877616,-0.0012241802951716,0.0113817281088699,-0.0081331877858482,Information Technology,10.0,0.5
2023-05-10,4032.642333984375,4056.6893106598686,4007.9113828427935,4042.0265782117003,115839,4010.437060546875,3991.080078125,3917.055208333333,3911.721691894531,3900.239287109375,3845.14021809896,-1.1178062914044729,0.0047124036585862,0.0023270708012563,0.0059630819408014,-0.0061326914448042,Information Technology,10.0,0.5
2023-05-11,4032.05615234375,4085.0376887372613,4023.4542059924784,4076.2400483451493,329135,4018.014111328125,4010.558520507812,3932.7490234375,3918.485900878906,3913.07474609375,3857.96083984375,-1.1182203218170077,-0.0001453591943141,0.010958154929394,0.0131400790047813,-0.0021333895229289,Information Technology,10.0,0.5
2023-05-12,3993.786376953125,4066.904827674839,3983.1804762522884,4043.7862026958455,211783,4015.475634765625,4015.740307617188,3951.63232421875,3920.4005493164063,3922.92962890625,3871.065869140625,-1.145250937916995,-0.0094913795702918,0.0125194041502203,0.0183080525146905,-0.0026556004001716,Information Technology,10.0,0.5
2023-05-15,4038.41015625,4051.509247614978,3968.7134823213887,3998.1854832874756,116466,4022.124609375,4012.42392578125,3972.368310546875,3926.322131347656,3925.70142578125,3887.7584554036457,-1.1137323769954204,0.0111733014951387,-0.009960521939623,0.0032436257978167,-0.0172584436032942,Information Technology,10.0,0.5
2023-05-16,4109.47607421875,4157.227812454147,4037.139911161617,4056.641540636572,497428,4041.27421875,4021.4538330078126,3993.894840494792,3942.452429199219,3934.394453125,3908.0426513671873,-1.0635372680145336,0.0175974988223436,-0.0128567565859895,0.0116199090523907,-0.0176022835394862,Information Technology,10.0,0.5
2023-05-17,4119.2509765625,4138.849974554639,4037.8727981574625,4131.95868009722,333219,4058.595947265625,4034.51650390625,4013.5853678385415,3952.440393066406,3941.09654296875,3926.6320638020834,-1.056633082401427,0.0023786249553985,0.0030849549121974,0.0047579033430233,-0.0197555766492643,Information Technology,10.0,0.5
2023-05-18,4111.57763671875,4159.329374944496,4081.616875459634,4144.666639192635,204276,4074.500244140625,4046.257177734375,4031.8724283854167,3968.186828613281,3949.68876953125,3939.978995768229,-1.0620528974226553,-0.0018627997874879,0.0080477630237068,0.011613969732517,-0.0072869258241774,Information Technology,10.0,0.5
2023-05-19,4181.958984375,4206.690419669032,4111.480002092802,4132.936664105886,343809,4112.134765625,4063.805200195312,4047.871793619792,3991.757934570313,3958.747392578125,3954.463818359375,-1.0123413125053868,0.0171178447483769,-0.011722334066947,0.0059138397546307,-0.0168531022292488,Information Technology,10.0,0.5
2023-05-22,4272.671875,4286.405777848378,4170.227956801265,4181.958143650565,358673,4158.987109375,4090.555859375,4061.2783203125,4019.023010253906,3972.855126953125,3964.582373046875,-0.9482692008513112,0.0216914826194923,-0.0212311485654242,0.0032143593634552,-0.0239765470403072,Information Technology,10.0,0.5
2023-05-23,4207.71630859375,4320.619371351928,4193.542331018048,4281.909654374322,276091,4178.63515625,4109.9546875,4073.847607421875,4040.0799194335937,3989.688974609375,3975.101236979168,-0.9941484609505148,-0.0152025637134258,0.017632687267685,0.0268323847136715,-0.0033685677779069,Information Technology,10.0,0.5
2023-05-23,4207.71630859375,4320.619371351928,4193.542331018048,4281.909654374322,276091,4178.63515625,4109.9546875,4073.847607421875,4040.0799194335937,3989.688974609375,3975.101236979168,-0.9941484609505148,-0.0152025637134258,0.017632687267685,0.0268323847136715,-0.0033685677779069,Information Technology,10.0,0.5
2023-05-24,4159.7197265625,4206.73832167975,4137.9700047878105,4187.676767764854,158567,4186.72890625,4122.662426757813,4085.253971354167,4056.8712524414063,3999.298095703125,3982.035270182292,-1.028049291821764,-0.0114068008656436,0.0067208954064452,0.0113033084457603,-0.0052286507756288,Information Technology,10.0,0.4097
2023-05-25,4200.62939453125,4221.8903612730155,4116.905269236262,4154.4417771267235,280375,4204.5392578125,4139.519750976562,4099.01787109375,4075.039135742188,4015.457314453125,3992.163850911458,-0.9991540731183868,0.0098347173987505,-0.0109954040374657,0.0050613764616904,-0.0199313287204025,Information Technology,10.0,0.36455
2023-05-26,4359.6708984375,4405.8093484531955,4208.204665042986,4222.671705026182,634129,4240.081640625,4176.108203125,4122.564013671875,4095.9242553710938,4041.42267578125,4005.636433919271,-0.8868202589746113,0.0378613509949971,-0.0314242053133914,0.0105830121333772,-0.0347425842278139,Information Technology,10.0,0.341975
2023-05-29,4320.76611328125,4408.59599819585,4305.956845244506,4408.59599819585,214720,4249.70048828125,4204.343798828125,4143.604069010416,4108.383862304688,4065.158505859375,4018.996020507812,-0.914299393651443,-0.0089237894470872,0.0203273869984832,0.0203273869984832,-0.0034274634748737,Information Technology,10.0,0.3306875
2023-05-30,4301.2158203125,4368.322180908662,4289.632163245689,4315.732024621409,270720,4268.400390625,4223.5177734375,4162.769921875,4122.485803222657,4085.744013671875,4036.140877278646,-0.9281081097592992,-0.0045247283597822,0.0033749072158519,0.0156017190021602,-0.0026931122619113,Information Technology,10.0,0.32504375
2023-05-31,4452.6806640625,4501.947346643663,4309.86556320745,4317.685686706125,706949,4326.992578125,4256.8607421875,4190.772477213542,4145.688623046875,4110.895517578125,4053.913842773437,-0.8211258240714194,0.0352144254270401,-0.0303176867018371,0.0110644994101627,-0.032073959852479,Information Technology,10.0,0.322221875
2023-06-01,4459.57275390625,4487.67632775176,4426.728133881945,4463.336284473027,220301,4378.78125,4291.66025390625,4219.273583984375,4168.958715820312,4135.78755859375,4076.0113037109377,-0.8162578196791421,0.0015478518141612,0.0008439217778162,0.0063018534277512,-0.0073649701074022,Information Technology,10.0,0.3208109375
2023-06-02,4487.57861328125,4544.958972322574,4457.471322462832,4468.272679373654,302898,4404.36279296875,4322.222216796875,4252.19306640625,4193.013708496093,4157.611962890625,4101.9126953125,-0.7964767881578203,0.006279942254663,-0.00430208260875,0.0127864855384378,-0.0067090280556453,Information Technology,10.0,0.32010546875
2023-06-05,4489.19189453125,4529.807478476584,4459.426352354376,4529.807478476584,146482,4438.04794921875,4343.87421875,4282.245182291666,4217.2150390625,4174.3166796875,4127.306746419271,-0.7953372992090364,0.0003594992732217,0.009047415414523,0.009047415414523,-0.0066304900472475,Information Technology,10.0,0.319752734375
2023-06-06,4316.22021484375,4459.426252999024,4284.4996420924335,4459.426252999024,372997,4441.048828125,4354.724609375,4296.028125,4232.3396484375,4186.198408203125,4144.961482747396,-0.9175102417486516,-0.0385306941096046,0.0331785754727664,0.0331785754727664,-0.0073491553193294,Information Technology,10.0,0.3195763671875
2023-06-07,4351.9482421875,4369.446153696243,4316.8555267522215,4349.944526079652,127994,4420.90234375,4373.9474609375,4311.541276041667,4248.304943847656,4200.7313671875,4162.563321940104,-0.8922749070417921,0.0082776192050811,-0.0004604181843028,0.004020707631382,-0.0080636794103137,Information Technology,10.0,0.31948818359375
2023-06-08,4286.9443359375,4364.608159164408,4276.876113859816,4364.608159164408,128873,4386.37666015625,4382.578955078125,4323.232389322917,4261.049353027343,4212.4423046875,4177.552408854167,-0.938188310423662,-0.0149367369813492,0.0181163591455693,0.0181163591455693,-0.00234857774879,Information Technology,10.0,0.319444091796875
2023-06-09,4308.88916015625,4334.695478903565,4238.850256450433,4291.34256260527,209549,4350.63876953125,4377.50078125,4331.694401041666,4276.8044921875,4224.538720703125,4189.783097330729,-0.9226882947380708,0.0051189897743216,-0.0040721858694419,0.0059890885534821,-0.01625451505076,Information Technology,10.0,0.3194220458984375
2023-06-12,4404.978515625,4462.358874327629,4281.567166690967,4327.413031820189,484807,4333.79609375,4385.922021484375,4340.51484375,4295.13291015625,4240.53125,4200.89658203125,-0.8548186913118828,0.0223002615981111,-0.0176085952586776,0.0130262516602732,-0.0280163339040765,Information Technology,10.0,0.3194110229492187
2023-06-13,4465.19384765625,4475.066851636104,4398.820627427363,4434.940023278051,262813,4363.5908203125,4402.31982421875,4357.680013020833,4312.918798828125,4258.5898828125,4215.763810221354,-0.8122875422038395,0.0136698355775536,-0.0067754783802005,0.0022111031047478,-0.014864577551034,Information Technology,10.0,0.3194055114746094
2023-06-14,4515.73095703125,4546.620544055014,4403.707578876139,4465.291058891499,398730,4396.34736328125,4408.624853515625,4381.414095052083,4332.7427978515625,4277.913427734375,4233.334033203125,-0.7765922921435702,0.0113180101691501,-0.0111698191543526,0.0068404400788464,-0.0248073632421975,Information Technology,10.0,0.3194027557373047
2023-06-15,4479.9052734375,4534.694831450044,4448.67345935097,4534.694831450044,158905,4434.93955078125,4410.65810546875,4400.032486979167,4351.1591796875,4295.827392578125,4249.525179036458,-0.8018966031790487,-0.0079335292413662,0.0122300706529232,0.0122300706529232,-0.0069715344812559,Information Technology,10.0,0.3194013778686523
2023-06-16,4490.95068359375,4524.821500945249,4456.786325204371,4513.531387595583,214384,4471.35185546875,4410.9953125,4408.78447265625,4366.6087646484375,4315.71396484375,4265.674243164062,-0.7940950355306104,0.0024655454707359,0.0050280454168254,0.0075420149847635,-0.0076073777684061,Information Technology,10.0,0.3194006889343261
2023-06-19,4460.30615234375,4519.983770340812,4452.876937795963,4479.954312758759,136407,4482.4173828125,4408.10673828125,4418.087141927083,4375.990478515625,4332.5898046875,4280.84560546875,-0.8157398074512143,-0.0068236178504364,0.0044051147486108,0.0133797134005484,-0.0016656288366848,Information Technology,10.0,0.3194003444671631
2023-06-20,4456.73828125,4477.021731233207,4293.4931657225015,4447.696261377968,257086,4480.72626953125,4422.158544921875,4428.455305989583,4388.441577148437,4346.48029296875,4295.612613932291,-0.818259857617305,-0.0007999161877879,-0.0020288424631244,0.0045511871470087,-0.0366288314964082,Information Technology,10.0,0.3194
2023-06-20,4456.73828125,4477.021731233207,4293.4931657225015,4447.696261377968,257086,4480.72626953125,4422.158544921875,4428.455305989583,4388.441577148437,4346.48029296875,4295.612613932291,-0.818259857617305,-0.0007999161877879,-0.0020288424631244,0.0045511871470087,-0.0366288314964082,Information Technology,10.0,0.3194
2023-06-21,4501.3134765625,4573.600479567665,4477.266493760347,4496.572429735843,304147,4477.8427734375,4437.095068359375,4431.697493489583,4405.521264648438,4361.76279296875,4311.2349853515625,-0.7867756124192182,0.010001752963604,-0.0010532585325022,0.0160590910589877,-0.0053422146507594,Information Technology,10.0,0.4097
2023-06-22,4432.740234375,4482.8865943237615,4379.269939505114,4481.76254683105,279644,4468.409765625,4451.674658203125,4429.908658854167,4417.126806640625,4374.609296875,4324.591121419271,-0.8352101006121081,-0.015234051692811,0.0110591439750724,0.0113127224464648,-0.0120625825206798,Information Technology,10.0,0.45485
2023-06-23,4398.283203125,4430.101148208863,4359.720017875447,4430.101148208863,173418,4449.87626953125,4460.6140625,4423.955631510416,4419.057421875,4383.262265625,4338.074348958334,-0.859547708401993,-0.007773302613763,0.0072341737933694,0.0072341737933694,-0.0087677813066137,Information Technology,10.0,0.477425
2023-06-26,4503.1220703125,4520.7173541011225,4345.0088951564085,4345.057580023662,252705,4458.439453125,4470.42841796875,4424.884309895833,4428.175219726562,4392.4802734375,4353.56474609375,-0.7854981708131965,0.0238363157499752,-0.0351010893821648,0.0039073521689811,-0.0351119007407052,Information Technology,10.0,0.4887125
2023-06-27,4589.8759765625,4608.399611453242,4512.21216848674,4512.21216848674,353159,4485.0669921875,4482.896630859375,4443.12802734375,4442.608227539063,4407.76666015625,4369.578076171875,-0.7242223595213301,0.0192652797093683,-0.0169206768270729,0.0040357593506512,-0.0169206768270729,Information Technology,10.0,0.49435625
2023-06-28,4563.92236328125,4631.077874066802,4544.4698988392165,4618.761082386599,265343,4497.58876953125,4487.715771484375,4457.259635416666,4448.1703125,4423.934765625,4384.400455729166,-0.7425538534967262,-0.0056545347660324,0.0120156993787954,0.0147144288268019,-0.0042622250979852,Information Technology,10.0,0.497178125
2023-06-30,4605.36962890625,4648.0872568672685,4563.972219932697,4572.769861428345,219272,4532.1146484375,4500.26220703125,4478.48798828125,4455.46015625,4440.124375,4400.860188802083,-0.713278920104302,0.0090815010260606,-0.007078642998227,0.0092756133390239,-0.0089889438436637,Information Technology,10.0,0.5
2023-06-30,4605.36962890625,4648.0872568672685,4563.972219932697,4572.769861428345,219272,4532.1146484375,4500.26220703125,4478.48798828125,4455.46015625,4440.124375,4400.860188802083,-0.713278920104302,0.0090815010260606,-0.007078642998227,0.0092756133390239,-0.0089889438436637,Information Technology,10.0,0.5
2023-07-03,4579.02587890625,4634.646428162299,4545.448118313671,4632.4470177824705,143153,4568.26318359375,4509.0697265625,4496.497102864583,4460.03251953125,4448.89857421875,4414.095751953125,-0.7318859745125306,-0.0057202248945773,0.0116664854685164,0.012146808235409,-0.007332948421903,Information Technology,10.0,0.455525
2023-07-04,4602.73046875,4642.173322262215,4561.136889800921,4579.02571329142,144784,4588.18486328125,4523.312158203125,4509.68056640625,4465.709448242187,4460.1771484375,4425.097705078125,-0.7151430053852271,0.0051767756878046,-0.0051501506811059,0.0085694467186403,-0.0090367183634748,Information Technology,10.0,0.4332875
2023-07-05,4619.201171875,4661.723099452584,4579.709160742531,4611.918489909092,134422,4594.04990234375,4539.558447265625,4519.947721354167,4480.85849609375,4472.8965625,4438.8138671875,-0.7035094578003672,0.0035784635309034,-0.0015766106941281,0.009205472114202,-0.0085495326276163,Information Technology,10.0,0.42216875
2023-07-06,4638.60498046875,4643.688252942314,4588.312084950733,4613.874024605351,84047,4608.98642578125,4553.28759765625,4528.139322916667,4495.191333007812,4480.33353515625,4454.776708984375,-0.6898042061854393,0.004200684895885,-0.0053315503190141,0.0010958623325261,-0.0108422458324818,Information Technology,10.0,0.416609375
2023-07-07,4586.1611328125,4710.745691395943,4572.329382039797,4633.424109218307,307428,4605.1447265625,4568.6296875,4535.223046875,4510.152172851563,4485.3970703125,4467.627766927083,-0.7268462190619922,-0.0113059525174205,0.0103055638554991,0.0271653251980357,-0.0030159757523,Information Technology,10.0,0.4138296875
2023-07-10,4507.61767578125,4620.716426149165,4496.571939980148,4620.716426149165,139340,4590.8630859375,4579.563134765625,4536.3341796875,4520.088598632812,4486.1986328125,4472.559326171875,-0.7823228455252265,-0.017126187841351,0.0250905818777793,0.0250905818777793,-0.0024504597762248,Information Technology,10.0,0.41243984375
2023-07-11,4591.3427734375,4604.099162999927,4467.246958579547,4510.550715200095,324240,4588.585546875,4588.385205078125,4545.069954427084,4529.406811523438,4490.28466796875,4481.578548177084,-0.7231863350654746,0.018574134649017,-0.0175966078387384,0.0027783570497561,-0.0270282183190264,Information Technology,10.0,0.411744921875
2023-07-12,4545.251953125,4613.873740783951,4497.5493816413045,4599.21100643824,289782,4573.795703125,4583.922802734375,4550.970865885417,4533.409716796875,4499.4459375,4489.7130859375,-0.7557410928837264,-0.0100386363177132,0.0118715208463067,0.0150974661837548,-0.0104950334933354,Information Technology,10.0,0.4113974609375
2023-07-13,4648.57568359375,4707.911074597657,4551.557255122153,4568.9081579470485,438079,4575.78984375,4592.388134765625,4560.788346354167,4540.051953125,4511.31103515625,4496.242919921875,-0.6827617230334518,0.0227322338858931,-0.017138050678162,0.012764208876564,-0.0208705709178845,Information Technology,10.0,0.41122373046875
2023-07-14,4815.04638671875,4854.733617477524,4671.498595690119,4680.344921381145,653920,4621.56689453125,4613.355810546875,4586.275423177083,4556.809008789062,4532.4351171875,4508.092041015625,-0.5651805346899952,0.0358111203206879,-0.0279751127027871,0.0082423361212558,-0.0298123381375049,Information Technology,10.0,0.411136865234375
2023-07-17,4846.669921875,4941.195891700758,4799.651315914822,4838.70326347748,503091,4689.37734375,4640.12021484375,4616.16787109375,4574.594970703125,4553.94634765625,4520.061751302083,-0.542844275074987,0.0065676491182881,-0.0016437385928766,0.0195032819130354,-0.0097012189231133,Information Technology,10.0,0.4110934326171875
2023-07-18,4854.1962890625,4885.330258636454,4765.633273831888,4877.803197050637,452555,4741.948046875,4665.266796875,4639.572819010416,4594.289477539062,4571.91505859375,4532.228564453125,-0.5375282694283301,0.001552894525276,0.0048631960024625,0.006413825836443,-0.0182446299977944,Information Technology,10.0,0.4110717163085938
2023-07-19,4766.31689453125,4854.195442546293,4750.725331380722,4853.1687648895,382389,4786.16103515625,4679.978369140625,4651.335546875,4609.768408203125,4583.95998046875,4547.231787109375,-0.5995990329075291,-0.0181037991251528,0.0182220092117462,0.0184374119387387,-0.0032711973407426,Information Technology,10.0,0.4110608581542969
2023-07-20,4711.0888671875,4810.746319872683,4658.498229047277,4810.746319872683,300822,4798.663671875,4687.2267578125,4661.146647135417,4620.257177734375,4591.774296875,4559.203141276042,-0.6386075609130063,-0.0115871496935332,0.0211538044589418,0.0211538044589418,-0.0111631598602425,Information Technology,10.0,0.4110554290771485
2023-07-21,4535.9658203125,4805.711463208596,4506.395970983833,4712.554409798322,1130735,4742.84755859375,4682.2072265625,4656.5197265625,4625.41845703125,4594.01671875,4567.503857421875,-0.7623000519720955,-0.0371725203688521,0.0389307584054186,0.0594681824294505,-0.0065189753406541,Information Technology,10.0,0.4110527145385743
2023-07-24,4619.4462890625,4641.24469898124,4538.21463621248,4563.043440363191,338000,4697.40283203125,4693.390087890625,4659.214420572916,4636.476611328125,4599.15654296875,4577.85576171875,-0.7033363272155339,0.0184041220893169,-0.0122098721729603,0.0047188361017103,-0.0175847163852412,Information Technology,10.0,0.4110513572692871
2023-07-25,4582.34912109375,4638.849336380221,4572.964875121262,4632.446799608188,175138,4643.0333984375,4692.49072265625,4657.8556640625,4640.437963867187,4604.03826171875,4583.768115234375,-0.7295387100496301,-0.0080306525170744,0.0109327502533198,0.0123299674017385,-0.0020479116113807,Information Technology,10.0,0.4110506786346436
2023-07-26,4610.1103515625,4662.749664938514,4584.597097557984,4593.346053573601,160886,4611.79208984375,4698.9765625,4657.249609375,4641.449682617187,4610.17314453125,4588.598665364583,-0.7099304642314985,0.0060582966803986,-0.0036364201093834,0.011418232832143,-0.0055341959430252,Information Technology,10.0,0.4110503393173218
2023-07-27,4587.18798828125,4646.13199242507,4557.959887824944,4621.694100607138,159595,4587.0119140625,4692.83779296875,4653.821809895833,4642.612963867187,4613.608125,4590.98056640625,-0.7261209329665647,-0.0049721940546349,0.0075222799706573,0.0128497031938525,-0.0063716814159292,Information Technology,10.0,0.4110501696586609
2023-07-28,4567.2470703125,4610.257767291349,4525.9470260544,4594.27576514247,114340,4593.2681640625,4668.057861328125,4652.560872395833,4640.7068359375,4618.9883984375,4593.891959635416,-0.7402055543888965,-0.004347089768218,0.0059179401538529,0.0094172039122697,-0.0090426560293953,Information Technology,10.0,0.4110500848293305
2023-07-31,4597.9404296875,4623.160141855575,4570.4721452035965,4584.548274723046,164337,4588.9669921875,4643.184912109375,4658.582389322916,4641.652563476562,4626.9746875,4597.458284505208,-0.7185262943039832,0.0067203194621349,-0.0029126421208036,0.0054850019380936,-0.0059740409655046,Information Technology,10.0,0.4110500424146652
2023-08-01,4736.50341796875,4741.928438928997,4586.063376932475,4620.71649779785,352854,4619.7978515625,4631.415625,4668.259765625,4648.3412109375,4636.30994140625,4606.664860026041,-0.6206568162715864,0.0301358815757139,-0.0244456532495347,0.0011453640969973,-0.031761835210665,Information Technology,10.0,0.4110500212073326
2023-08-02,4650.1396484375,4749.552700547439,4594.3720959700495,4736.063175920943,146505,4627.8037109375,4619.797900390625,4675.252278645833,4649.888134765625,4638.72048828125,4613.111572265625,-0.6816570671306205,-0.018233655063694,0.0184776230348939,0.0213785089536704,-0.0119926618733243,Information Technology,10.0,0.4110500106036663
2023-08-03,4676.78515625,4704.903185316526,4622.560849050417,4656.911088905356,260642,4645.72314453125,4616.367529296875,4677.13291015625,4651.797143554688,4643.235,4618.960628255209,-0.6628368758669596,0.0057300446496167,-0.004249514715912,0.0060122558824302,-0.0115943549656365,Information Technology,10.0,0.4110500053018331
2023-08-04,4797.40380859375,4802.8510631090685,4699.750977053906,4710.890365741208,246235,4691.7544921875,4642.511328125,4675.95673828125,4662.35927734375,4650.9163671875,4631.116080729166,-0.5776417982182818,0.0257909329408806,-0.0180333877039008,0.001135458829953,-0.0203553495673878,Information Technology,10.0,0.4110500026509166
2023-08-07,4850.892578125,4865.9577104458,4794.558270462958,4822.774543995696,183698,4742.344921875,4665.65595703125,4676.238248697917,4679.523022460938,4661.79103515625,4646.203059895834,-0.5398617386255068,0.0111495241312465,-0.0057964660475273,0.0031056412975905,-0.0116131839150758,Information Technology,10.0,0.4110500013254583
2023-08-08,4888.4326171875,4925.776530313409,4839.0665968511275,4874.741877725001,233808,4772.73076171875,4696.264306640625,4678.520670572917,4694.377514648438,4673.21912109375,4659.046744791666,-0.5133465481411239,0.0077387900181063,-0.0028006399053885,0.007639240642207,-0.0100985375481711,Information Technology,10.0,0.4110500006627292
2023-08-09,4973.86669921875,4995.507162331603,4866.84086040151,4897.314723057283,343864,4837.476171875,4732.63994140625,4692.35732421875,4715.808251953125,4687.4057421875,4671.846435546875,-0.4530029519305415,0.0174767842213612,-0.0153908379115771,0.0043508329477852,-0.0215176331191284,Information Technology,10.0,0.4110500003313646
2023-08-10,5051.35107421875,5128.001294677251,4948.8404076379065,4973.86701682724,625096,4912.38935546875,4779.05625,4715.041471354167,4735.947021484375,4703.9155859375,4688.094059244791,-0.3982743737511789,0.0155782974666712,-0.0153392738404137,0.0151742017793439,-0.0202937125285234,Information Technology,10.0,0.4110500001656823
2023-08-11,5170.1044921875,5186.887136760926,5068.133429372455,5076.966349756722,604763,4986.9294921875,4839.3419921875,4757.3173828125,4753.699926757812,4727.2733203125,4706.9185546875,-0.3143967439791216,0.0235092386618795,-0.0180147504893796,0.0032460938843279,-0.0197232111979811,Information Technology,10.0,0.4110500000828412
2023-08-14,5179.083984375,5248.717024393845,5124.123596685012,5170.103945443963,520002,5052.5677734375,4897.45634765625,4794.6265625,4770.320629882813,4754.13197265625,4726.920491536458,-0.3080543705626158,0.0017368105811147,-0.0017339048677582,0.0134450494004199,-0.0106119900460777,Information Technology,10.0,0.4110500000414206
2023-08-16,4981.71728515625,5319.281708527531,4947.612404493897,5105.427027498123,698393,5071.22470703125,4921.977734375,4821.251106770834,4776.6966796875,4769.746953125,4739.553385416667,-0.4474579448728699,-0.0381084183639798,0.0248327504875645,0.0677606544187288,-0.0068460088580244,Information Technology,10.0,0.4110500000207103
2023-08-17,4912.28173828125,5031.771524563095,4874.790706052787,4998.549833108764,713344,5058.90771484375,4948.191943359375,4841.395865885416,4783.994921875,4784.42814453125,4749.322737630208,-0.4965014940474646,-0.0139380745434698,0.017561715598523,0.0243247013604015,-0.0076321013789369,Information Technology,10.0,0.4110500000103552
2023-08-18,4828.8095703125,4935.295317449864,4805.156879943751,4907.177287436162,453257,5014.3994140625,4963.394384765625,4857.503971354166,4789.88095703125,4791.6375,4755.662890625,-0.5554593558160936,-0.0169925448938024,0.0162292001750217,0.0220521736437979,-0.0048982445930702,Information Technology,10.0,0.4110500000051776
2023-08-21,4903.74267578125,4927.297128742072,4827.288943055894,4855.112736459181,237711,4961.12705078125,4974.028271484375,4879.93701171875,4808.269799804688,4795.1853515625,4766.248942057292,-0.5025327842218993,0.015517925148558,-0.0099169027694384,0.0048033623536474,-0.0155908940946162,Information Technology,10.0,0.4110500000025888
2023-08-22,4868.9013671875,4949.67331469047,4860.068447956562,4946.4347693257405,171782,4899.09052734375,4975.829150390625,4898.00107421875,4820.7425537109375,4796.074609375,4778.291731770833,-0.5271418138648994,-0.007105044227917,0.0159242088288651,0.016589357929349,-0.0018141503729085,Information Technology,10.0,0.4110500000012944
2023-08-23,4821.89111328125,4906.19633147549,4766.4888846048625,4887.549055960781,438563,4867.12529296875,4969.175,4903.693587239583,4832.719653320312,4794.78240234375,4785.976676432291,-0.5603459838170981,-0.0096552076866994,0.0136166373601187,0.0174838494303681,-0.0114897303516019,Information Technology,10.0,0.4110500000006472
2023-08-24,5290.771484375,5301.714393991338,4615.6910023956425,4661.818469355582,22136491,4942.8232421875,5000.865478515625,4946.402376302083,4866.752709960938,4815.7605859375,4810.827327473959,-0.2291675230477774,0.0972399334780252,-0.1188773729647701,0.0020683013145919,-0.1275958494849083,Information Technology,10.0,0.41105
2023-08-24,5290.771484375,5301.714393991338,4615.6910023956425,4661.818469355582,22136491,4942.8232421875,5000.865478515625,4946.402376302083,4866.752709960938,4815.7605859375,4810.827327473959,-0.2291675230477774,0.0972399334780252,-0.1188773729647701,0.0020683013145919,-0.1275958494849083,Information Technology,10.0,0.41105
2023-08-24,5290.771484375,5301.714393991338,4615.6910023956425,4661.818469355582,22136491,4942.8232421875,5000.865478515625,4946.402376302083,4866.752709960938,4815.7605859375,4810.827327473959,-0.2291675230477774,0.0972399334780252,-0.1188773729647701,0.0020683013145919,-0.1275958494849083,Information Technology,10.0,0.41105
2023-08-24,5290.771484375,5301.714393991338,4615.6910023956425,4661.818469355582,22136491,4942.8232421875,5000.865478515625,4946.402376302083,4866.752709960938,4815.7605859375,4810.827327473959,-0.2291675230477774,0.0972399334780252,-0.1188773729647701,0.0020683013145919,-0.1275958494849083,Information Technology,10.0,0.41105
2023-08-25,5158.6220703125,5293.81482625419,5068.133514939295,5171.969211300789,1834899,5008.7857421875,5011.592578125,4978.524837239584,4895.3244140625,4833.6619140625,4827.828873697917,-0.3225069806981293,-0.0249773429929398,0.0025873461568546,0.0262071448729912,-0.0175412259591489,Information Technology,10.0,0.529525
2023-08-28,5075.88623046875,5205.681076976759,5064.207243715122,5158.621531689612,516099,5043.214453125,5002.170751953125,4997.09033203125,4920.756372070313,4855.25873046875,4836.52353515625,-0.380944760948972,-0.0160383603830737,0.0162996760495204,0.0255708738562532,-0.00230087638362,Information Technology,10.0,0.5887625000000001
2023-08-29,5128.58984375,5175.453392521919,4993.691332090581,5102.483561575099,1018566,5095.1521484375,4997.121337890625,5015.603483072917,4947.288842773438,4875.62447265625,4845.920865885417,-0.3437192710382928,0.0103831352572263,-0.0050903431489487,0.0091377065040656,-0.0263032365171127,Information Technology,10.0,0.6183812500000001
2023-08-30,5199.890625,5255.194611131377,5106.507133249529,5151.506046656422,707396,5170.75205078125,5018.938671875,5036.367350260417,4970.458203125,4900.3261328125,4857.444010416667,-0.2933582739870776,0.0139026093765114,-0.0093049223210494,0.0106356056539895,-0.0179587415361204,Information Technology,10.0,0.6331906250000001
2023-08-31,5364.96875,5388.081366360318,5199.891092772049,5221.23731676446,1193926,5185.59150390625,5064.207373046875,5062.4408203125,5006.199658203125,4930.52046875,4877.399072265625,-0.1767606880897262,0.0317464610133025,-0.0267907307448044,0.0043080616938016,-0.0307695468362142,Information Technology,10.0,0.6405953125000001
2023-09-01,5350.6884765625,5404.176715010769,5326.594425058217,5353.682142574419,364138,5224.00478515625,5116.395263671875,5082.396647135417,5039.89482421875,4961.06048828125,4898.719059244791,-0.1868470966236648,-0.002661762650062,0.0005594917411155,0.009996515155491,-0.0045029815527145,Information Technology,10.0,0.64429765625
2023-09-04,5387.09912109375,5401.820652668975,5310.645396289723,5359.6189288199985,557111,5286.24736328125,5164.730908203125,5096.862955729167,5069.37958984375,4993.8545703125,4927.090169270833,-0.1611296173797592,0.0068048522523295,-0.005101111313536,0.0027327382036801,-0.0141920026131808,Information Technology,10.0,0.6461488281250001
2023-09-05,5507.32568359375,5530.3894194156255,5379.690179806559,5396.914182318815,625240,5361.99453125,5228.57333984375,5118.745735677084,5102.201245117188,5030.22998046875,4956.686149088541,-0.0762114796904861,0.0223174958911077,-0.0200481154771452,0.004187828566337,-0.0231755866858237,Information Technology,10.0,0.6470744140625
2023-09-06,5521.1640625,5655.718975576792,5472.631881665332,5529.408025480615,1124517,5426.24921875,5298.500634765625,5154.708854166666,5133.837817382812,5061.61640625,4987.97998046875,-0.066437189043548,0.0025127220907734,0.0014931566762539,0.0243707507245971,-0.0087902080585325,Information Technology,10.0,0.64753720703125
2023-09-07,5506.19677734375,5544.129163741296,5422.087562939368,5496.038824031025,394065,5454.49482421875,5320.0431640625,5194.303190104167,5160.454321289062,5095.85869140625,5017.849527994792,-0.0770088460493203,-0.0027108930266913,-0.0018448220656628,0.0068890357412625,-0.0152753738752063,Information Technology,10.0,0.6477686035156249
2023-09-08,5447.55615234375,5520.574859981796,5426.896646893344,5520.574859981796,280869,5473.868359375,5348.936572265625,5235.552962239583,5180.264575195312,5126.68953125,5046.528466796875,-0.1184277518583842,-0.0106499326797196,0.0134039384994004,0.0134039384994004,-0.0037924355201951,Information Technology,10.0,0.6478843017578124
2023-09-11,5413.3046875,5484.654770157973,5390.338710421098,5484.2622917499175,314269,5479.10947265625,5382.67841796875,5269.523763020833,5192.424584960938,5151.32556640625,5074.730387369792,-0.1426201644765264,-0.0062874918377874,0.0131080011834114,0.0131805037360503,-0.0042425059006808,Information Technology,10.0,0.6479421508789063
2023-09-12,5358.1474609375,5485.734084240344,5323.797216202119,5465.614655181049,245635,5449.273828125,5405.6341796875,5302.140169270833,5201.377758789063,5171.61576171875,5100.070621744791,-0.1815786846437549,-0.0101891967562559,0.0200567817565711,0.0238117043685319,-0.0064108434838355,Information Technology,10.0,0.6479710754394532
2023-09-13,5336.2119140625,5378.2176408435025,5268.54222410735,5347.842020539577,293470,5412.2833984375,5419.26630859375,5336.42822265625,5219.102490234375,5189.52693359375,5120.060904947916,-0.1970721475781272,-0.0040938677098599,0.0021794686313765,0.0078718250806915,-0.0126812223811464,Information Technology,10.0,0.6479855377197266
2023-09-14,5355.35009765625,5437.103964968385,5343.916469556435,5377.285277630801,202149,5382.1140625,5418.304443359375,5340.733463541666,5241.255908203125,5204.78626953125,5143.567919921875,-0.1835545115770426,0.0035864736824478,0.0040959376277101,0.0152658305846176,-0.0021349917169409,Information Technology,10.0,0.6479927688598632
2023-09-15,5514.58837890625,5525.482409873833,5392.8414848122775,5408.888052662957,462273,5395.5205078125,5434.69443359375,5364.46455078125,5275.544848632812,5223.31576171875,5171.494694010416,-0.0710817101311001,0.0297344297471214,-0.0191674008975184,0.0019754930411948,-0.0220772405352436,Information Technology,10.0,0.6479963844299317
2023-09-18,5441.96142578125,5521.997775654673,5426.111338830596,5489.16856759295,281031,5401.25185546875,5440.1806640625,5388.869563802084,5302.455786132812,5234.1900390625,5192.979947916667,-0.1223794057249597,-0.0131699681163518,0.0086746557202808,0.0147072615204972,-0.0029125687799925,Information Technology,10.0,0.6479981922149658
2023-09-20,5317.41748046875,5441.078352107558,5301.7145126416,5427.338255258802,266063,5393.105859375,5421.18984375,5401.458072916666,5324.881591796875,5239.72337890625,5208.530777994792,-0.2103469869024734,-0.022885855956728,0.0206718346253229,0.0232558139534884,-0.0029531192321889,Information Technology,10.0,0.6479990961074829
2023-09-21,5237.23486328125,5306.57367527241,5191.794584408709,5295.336045402115,377880,5373.31044921875,5392.796923828125,5403.947688802084,5345.648779296875,5249.94408203125,5220.15751953125,-0.2669813810415756,-0.015079240530204,0.0110938660643649,0.0132395842083197,-0.0086763874561225,Information Technology,10.0,0.6479995480537415
2023-09-22,5195.1796875,5270.700858036719,5153.861159108215,5236.939574315473,296925,5341.2763671875,5361.69521484375,5392.62841796875,5340.869189453125,5261.26,5227.534619140625,-0.2966856920796523,-0.0080300343366502,0.0080381987394873,0.0145367773743088,-0.0079532433673469,Information Technology,10.0,0.6479997740268708
2023-09-25,5187.77001953125,5240.816897941837,5162.449174312779,5221.23706725301,190214,5275.9126953125,5335.7166015625,5381.7671875,5342.326586914062,5275.61841796875,5232.081917317709,-0.3019192710136097,-0.0014262582652488,0.0064511432842553,0.010225372021287,-0.0048808727301212,Information Technology,10.0,0.648
2023-09-25,5187.77001953125,5240.816897941837,5162.449174312779,5221.23706725301,190214,5275.9126953125,5335.7166015625,5381.7671875,5342.326586914062,5275.61841796875,5232.081917317709,-0.3019192710136097,-0.0014262582652488,0.0064511432842553,0.010225372021287,-0.0048808727301212,Information Technology,10.0,0.648
2023-09-26,5096.791015625,5162.497834631054,5074.315759366411,5162.350715149788,295546,5206.87861328125,5304.065234375,5362.413313802083,5343.371826171875,5283.3403515625,5229.638134765625,-0.3661793431631719,-0.0175372083889082,0.0128629365661265,0.0128918016855348,-0.004409687622994,Information Technology,10.0,0.7342
2023-09-27,5108.32275390625,5167.944958856316,5092.717546521397,5109.304189378679,428881,5165.05966796875,5279.082763671875,5335.813118489584,5342.358471679688,5292.91720703125,5227.279427083334,-0.3580342733982117,0.0022625487774361,0.0001921247970635,0.0116715814216072,-0.0030548593220582,Information Technology,10.0,0.7773
2023-09-28,5028.18798828125,5154.15532260344,4983.287316988621,5139.728509193427,448004,5123.25029296875,5248.28037109375,5302.948046875,5333.77333984375,5301.16908203125,5228.828450520833,-0.4146348691362906,-0.0156870991684545,0.0221830450993747,0.025052232457452,-0.0089297916858469,Information Technology,10.0,0.7988500000000001
2023-09-29,5009.68896484375,5069.114696658113,4956.249606606674,5049.387745944936,567361,5086.1521484375,5213.7142578125,5269.847526041666,5316.009350585938,5289.92578125,5232.075358072917,-0.4277010550665647,-0.0036790636071312,0.007924400372913,0.0118621599527219,-0.0106672008206686,Information Technology,10.0,0.809625
2023-10-03,5011.798828125,5095.809806254632,4943.147220364446,4990.59972460196,579787,5050.95791015625,5163.435302734375,5240.797037760417,5299.064868164062,5284.0528515625,5238.175,-0.4262108214867538,0.000421156542064,-0.0042298392752869,0.0167626397249194,-0.013697997488506,Information Technology,10.0,0.8150125
2023-10-04,5040.40771484375,5053.411736110688,4931.7137257634895,5023.968669091205,333736,5039.68125,5123.279931640625,5215.937239583333,5281.730297851563,5282.6337109375,5242.730501302083,-0.4060038611362104,0.0057083070769329,-0.0032614515893492,0.0025799542423208,-0.021564523195249,Information Technology,10.0,0.8177062500000001
2023-10-05,5109.0595703125,5146.354123665129,5055.374850510361,5059.300592968532,312135,5039.82861328125,5102.444140625,5199.331380208333,5261.8169921875,5281.8525,5250.735774739584,-0.3575138469987823,0.0136202980696529,-0.0097393613558754,0.0072996904497528,-0.0105077498242704,Information Technology,10.0,0.819053125
2023-10-06,5089.283203125,5145.617990151161,5070.341687660063,5143.605759633597,195339,5052.04765625,5087.648974609375,5182.869466145833,5240.22294921875,5277.428203125,5259.648844401042,-0.3714822433073912,-0.0038708429438591,0.0106739111070182,0.0110692969476664,-0.0037218434716516,Information Technology,10.0,0.8197265625000001
2023-10-09,5043.35205078125,5120.0511449683,5023.870458813776,5065.188992280619,179747,5058.7802734375,5072.4662109375,5162.069596354167,5217.080712890625,5264.56353515625,5251.401529947917,-0.4039242248283513,-0.0090250729838627,0.0043298467526149,0.0152079595901239,-0.0038628261067866,Information Technology,10.0,0.82006328125
2023-10-10,5099.78466796875,5130.945247850012,5030.691698500546,5083.836339683065,269859,5076.37744140625,5063.66767578125,5134.416015625,5199.692138671875,5254.5273828125,5249.440283203125,-0.3640648738093602,0.0111895058324865,-0.0031272552321386,0.0061101756074091,-0.0135482131044022,Information Technology,10.0,0.8202316406250001
2023-10-11,5058.95654296875,5184.825649295591,5016.116978062227,5142.623921638248,557514,5080.08720703125,5059.884228515625,5108.882356770833,5181.9747314453125,5241.4016796875,5248.875960286458,-0.3929024972783407,-0.0080058527287313,0.0165384655825486,0.0248804482224267,-0.0084680634321843,Information Technology,10.0,0.8203158203125
2023-10-12,5002.27880859375,5092.669119489089,4973.91541676059,5075.886475574224,619118,5058.7310546875,5049.279833984375,5087.873111979166,5164.181298828125,5221.1998046875,5244.665592447916,-0.4329349788821651,-0.0112034436140342,0.0147148269412769,0.018069826643819,-0.0056700941547744,Information Technology,10.0,0.82035791015625
2023-10-13,4913.70361328125,5043.547808557295,4904.968933773529,4964.100418593669,437090,5023.61513671875,5037.831396484375,5066.304361979167,5143.055883789062,5196.90138671875,5235.126025390625,-0.4954971987027737,-0.0177069689039184,0.0102563787478351,0.0264249139742758,-0.0017776162738248,Information Technology,10.0,0.8203789550781251
2023-10-16,4946.58203125,4994.328772402234,4908.50252559999,4916.991846817552,341417,5004.2611328125,5031.520703125,5049.731184895833,5122.61748046875,5174.516796875,5221.179801432291,-0.472274593265013,0.0066911683236007,-0.0059819455627162,0.0096524713126344,-0.0076981449836357,Information Technology,10.0,0.8203894775390626
2023-10-17,4967.73193359375,4999.432106461264,4929.112353378783,4983.630900112655,215994,4977.8505859375,5027.114013671875,5035.061979166667,5095.274658203125,5155.323828125,5208.414583333333,-0.4573360448943794,0.0042756598819418,0.0032004477559244,0.0063812164769088,-0.0077740869940678,Information Technology,10.0,0.8203947387695313
2023-10-18,4997.568359375,5054.393385280758,4931.71393418171,4981.7182701363245,626397,4965.57294921875,5022.830078125,5028.447135416666,5073.055004882813,5138.694375,5195.430224609375,-0.4362620520930967,0.0060060458535381,-0.0031715602666929,0.0113705349921144,-0.0131772935271116,Information Technology,10.0,0.8203973693847657
2023-10-19,5013.9580078125,5181.979974427549,4956.544025141286,4956.544025141286,1046540,4967.9087890625,5013.319921875,5022.15615234375,5057.88203125,5124.926796875,5178.984635416667,-0.4246857548609904,0.0032795246125557,-0.0114508303782669,0.0335108443974292,-0.0114508303782669,Information Technology,10.0,0.8203986846923829
2023-10-20,4907.275390625,5071.812944662729,4887.548442633717,5027.893709159142,473723,4966.62314453125,4995.119140625,5014.0953125,5041.384057617188,5107.7693359375,5158.5216796875,-0.5000375655341114,-0.0212771261788137,0.0245794883989138,0.033529309227696,-0.0040199390539544,Information Technology,10.0,0.8203993423461915
2023-10-23,4824.14794921875,4926.707958721331,4809.033938398522,4907.275727554831,538344,4942.136328125,4973.19873046875,5001.725911458333,5022.832470703125,5086.52125,5135.78671875,-0.5587519408627157,-0.0169396324414682,0.0172315980378552,0.0212597147894666,-0.0031329907331461,Information Technology,10.0,0.8203996711730958
2023-10-25,4808.10107421875,4884.604158032877,4772.769398572943,4857.123965863916,338564,4910.21015625,4944.03037109375,4988.146061197916,5003.8490234375,5058.2617578125,5114.471549479166,-0.5700861311813699,-0.0033263646075777,0.0101958945721896,0.0159112886008865,-0.0073483637511817,Information Technology,10.0,0.8203998355865478
2023-10-26,4813.35205078125,4864.828533164069,4668.246719867711,4789.405121019461,878546,4873.36689453125,4919.469921875,4973.009016927083,4989.677075195313,5033.1173828125,5094.473128255208,-0.5663772739915327,0.0010921102700307,-0.0049751045652066,0.0106945184644169,-0.0301464196640233,Information Technology,10.0,0.8203999177932739
2023-10-27,4915.96142578125,4936.620450892104,4834.109323599984,4834.551161251393,540268,4853.767578125,4910.83818359375,4960.135807291666,4980.059008789062,5017.059140625,5079.73359375,-0.4939024659851052,0.0213176542911183,-0.0165603953080082,0.0042024384085908,-0.0166502734850605,Information Technology,10.0,0.820399958896637
2023-10-30,4896.03857421875,4932.695289453452,4856.192193307422,4906.000049642432,266860,4851.52021484375,4909.0716796875,4947.25283203125,4973.4515380859375,5003.4112890625,5065.061149088541,-0.5079743267866426,-0.0040526867151594,0.0020345990483279,0.0074870152019892,-0.0081384940717478,Information Technology,10.0,0.8203999794483186
2023-10-31,4891.72021484375,4936.572011850815,4860.756114454682,4936.572011850815,224233,4865.03466796875,4903.585498046875,4937.14404296875,4967.5531005859375,4991.27291015625,5049.606819661459,-0.5110244600381694,-0.000882010897083,0.0091689211641672,0.0091689211641672,-0.006329900122887,Information Technology,10.0,0.8203999897241593
2023-11-01,4933.28369140625,4978.478603681689,4873.023648633483,4905.214540767831,331862,4890.07119140625,4900.140673828125,4926.043977864583,4963.62734375,4981.09345703125,5030.229996744792,-0.4816674448146886,0.0084966994711547,-0.005689749950386,0.0091612230519335,-0.0122149964490668,Information Technology,10.0,0.8203999948620797
2023-11-02,4981.359375,5004.609230624826,4947.568603514234,5001.555140596025,191341,4923.67265625,4898.519775390625,4920.870833333333,4960.6749267578125,4976.47619140625,5014.876595052084,-0.4477107431172581,0.0097451690600111,0.0040542679368571,0.0046673716699723,-0.0067834438236582,Information Technology,10.0,0.8203999974310399
2023-11-03,5007.66357421875,5071.600319648375,4987.171971175026,5010.52044011881,155733,4942.0130859375,4897.89033203125,4921.229817708333,4955.605126953125,4972.44982421875,5004.55146484375,-0.4291316241221202,0.0052805263058841,0.0005704987680819,0.0127677797204257,-0.0040920486650146,Information Technology,10.0,0.8203999987155199
2023-11-06,5039.38525390625,5076.525952512635,5012.687821285419,5054.7538354342305,263008,4970.682421875,4911.101318359375,4929.60859375,4953.110229492188,4972.89771484375,4997.956477864584,-0.4067260432968501,0.0063346267610337,0.0030496937133488,0.0073700851860045,-0.0052977558324474,Information Technology,10.0,0.82039999935776
2023-11-07,5012.0966796875,5048.842930107877,4990.4722400828705,5048.842930107877,64545,4994.75771484375,4929.89619140625,4933.976236979167,4951.5474609375,4972.9940234375,4991.8537109375,-0.4260004436844662,-0.0054150601400433,0.0073315126919435,0.0073315126919435,-0.004314449817432,Information Technology,10.0,0.82039999967888
2023-11-08,5035.83935546875,5063.078915904084,4998.600042577349,5050.863035895338,93686,5015.26884765625,4952.67001953125,4938.516731770834,4948.3501953125,4973.95564453125,4986.78935546875,-0.4092305737890015,0.0047370745814764,0.0029833518041579,0.0054091400683289,-0.0073948571951486,Information Technology,10.0,0.82039999983944
2023-11-09,5051.99560546875,5087.362728852374,5029.238328968119,5035.149284888552,117160,5029.39609375,4976.534375,4942.14521484375,4948.0021484375,4974.41916015625,4985.296175130208,-0.3978191299822943,0.0032082536513907,-0.0033345873385087,0.0070006243365174,-0.0045046113017193,Information Technology,10.0,0.82039999991972
2023-11-10,5062.7333984375,5072.584990962188,4998.698047027024,5024.312187591214,156660,5040.41005859375,4991.211572265625,4945.396907552084,4951.024877929687,4972.56611328125,4983.776529947917,-0.3902348377690056,0.0021254557223142,-0.00758902510216,0.0019459038723486,-0.0126483751702666,Information Technology,10.0,0.82039999995986
2023-11-13,5009.73193359375,5052.684491406419,4956.828690267119,5052.684491406419,266893,5034.47939453125,5002.580908203125,4952.22734375,4955.8262939453125,4969.3840625,4983.161328125,-0.4276707054819724,-0.010468942500529,0.0085738235861767,0.0085738235861767,-0.0105600946373752,Information Technology,10.0,0.8203999999799301
2023-11-15,5263.95263671875,5275.084744832571,5049.138835320579,5069.334601764735,467034,5084.8505859375,5039.804150390625,4981.54765625,4971.69482421875,4978.2080859375,4991.636783854166,-0.2481101472947367,0.0507453705098016,-0.0369718438567351,0.0021147812075985,-0.040808460148318,Information Technology,10.0,0.820399999989965
2023-11-16,5616.49169921875,5653.780074384859,5228.831520343597,5250.16012266941,1104408,5200.9810546875,5108.124951171875,5035.440364583334,5004.1328125,4998.8763671875,5011.793212890625,0.0008943990194128,0.0669723089909397,-0.0652242709804585,0.0066390866688712,-0.0690217665467353,Information Technology,10.0,0.8203999999949825
2023-11-17,5590.73046875,5664.518810801968,5521.818377054176,5600.631128198572,487295,5308.72802734375,5169.062060546875,5087.265592447917,5033.79091796875,5020.14732421875,5030.1373046875,-0.017301211588604,-0.0045867121057676,0.0017709062355828,0.0131983365079779,-0.0123261337818045,Information Technology,10.0,0.8204
2023-11-17,5590.73046875,5664.518810801968,5521.818377054176,5600.631128198572,487295,5308.72802734375,5169.062060546875,5087.265592447917,5033.79091796875,5020.14732421875,5030.1373046875,-0.017301211588604,-0.0045867121057676,0.0017709062355828,0.0131983365079779,-0.0123261337818045,Information Technology,10.0,0.8204
2023-11-20,5623.732421875,5759.487171909516,5567.332055727158,5585.901922460674,482383,5420.92783203125,5230.6689453125,5134.450325520834,5064.279638671875,5045.00546875,5047.29306640625,0.0060086489048595,0.0059029769561362,-0.0067269380148982,0.024139617579681,-0.0100289917650522,Information Technology,10.0,0.7342
2023-11-21,5541.9150390625,5703.678388800571,5529.107968141587,5644.962798217731,236253,5527.364453125,5280.921923828125,5177.508756510417,5096.01162109375,5070.13392578125,5062.380794270834,-0.0517804089753226,-0.0145485909845656,0.0185942509816359,0.0291890706728401,-0.0023109468172358,Information Technology,10.0,0.6911
2023-11-22,5550.83154296875,5581.026582204368,5500.144899705824,5565.066807598908,196944,5584.740234375,5334.79541015625,5221.44951171875,5132.34580078125,5094.30390625,5079.29677734375,-0.0454825252907759,0.0016089210757295,0.0025645283089503,0.0054397325881501,-0.0091313603863786,Information Technology,10.0,0.6695500000000001
2023-11-23,5536.25048828125,5585.754744217213,5507.631802387922,5556.692544215006,191077,5568.6919921875,5384.8365234375,5261.647298177083,5168.753271484375,5117.0446484375,5093.845638020834,-0.0557813809168606,-0.0026268234902516,0.0036924008364553,0.0089418381702111,-0.0051693264157584,Information Technology,10.0,0.6587750000000001
2023-11-24,5535.16650390625,5569.302657932108,5467.6340273873075,5553.983142441697,144526,5557.57919921875,5433.15361328125,5298.5677734375,5204.843994140625,5138.54857421875,5109.719303385416,-0.0565470181645302,-0.0001957975668359,0.0033994710948925,0.0061671413139545,-0.0122006224151132,Information Technology,10.0,0.6533875
2023-11-28,5483.69189453125,5556.2983257048245,5410.938266707798,5541.126969036634,238937,5529.57109375,5475.249462890625,5330.302994791667,5233.230517578125,5157.3379296875,5125.76640625,-0.0929044409795408,-0.0092995593427358,0.0104737967796226,0.013240428632758,-0.0132672712513275,Information Technology,10.0,0.6506937500000001
2023-11-29,5610.23583984375,5630.0376376848235,5493.987044180803,5493.987044180803,552016,5543.23525390625,5535.299853515625,5368.359700520833,5268.940380859375,5185.45634765625,5148.984147135417,-0.0035242245919124,0.0230764141651902,-0.0207208393695949,0.0035295838546467,-0.0207208393695949,Information Technology,10.0,0.649346875
2023-11-30,5675.35498046875,5684.369091746968,5590.778959387182,5614.422782299128,351758,5568.13994140625,5576.440087890625,5412.576920572917,5308.122119140625,5219.50462890625,5173.276578776042,0.0424705708577277,0.0116072019936355,-0.0107362796475841,0.0015882903024109,-0.0149023314616669,Information Technology,10.0,0.6486734375000001
2023-12-01,5629.2001953125,5724.612968963637,5610.482168761759,5723.775487358353,177578,5586.7298828125,5577.7109375,5452.134309895833,5342.917944335937,5252.34859375,5195.325520833333,0.0098706335442305,-0.008132493088994,0.0168008400420021,0.0169496145705723,-0.0033251662583129,Information Technology,10.0,0.64833671875
2023-12-04,5591.7158203125,5708.998857226032,5571.125603540507,5708.998857226032,184861,5598.03974609375,5577.80947265625,5488.115657552084,5373.435766601562,5283.48314453125,5215.130436197916,-0.0166052404328396,-0.0066589166665654,0.0209744272925116,0.0209744272925116,-0.0036822716736063,Information Technology,10.0,0.6481683593750001
2023-12-05,5522.6552734375,5590.237296588281,5424.287022633739,5572.5534950104875,322669,5605.832421875,5567.7017578125,5518.777115885417,5399.1853515625,5307.7508984375,5232.08701171875,-0.0653839205055377,-0.0123505108439399,0.009035186717698,0.0122372336864537,-0.0178117673353406,Information Technology,10.0,0.6480841796875001
2023-12-06,5617.13232421875,5669.986027142634,5522.803316450268,5522.803316450268,460212,5607.21171875,5575.223486328125,5559.270475260417,5428.072705078125,5336.5946484375,5255.748909505209,0.0013468837351526,0.017107178721739,-0.0167930898408382,0.0094093747259613,-0.0167930898408382,Information Technology,10.0,0.64804208984375
2023-12-07,5616.048828125,5669.592337633516,5566.347825098027,5618.068693512581,203360,5595.35048828125,5581.74521484375,5582.7435546875,5458.2703125,5365.56779296875,5282.14560546875,0.0005815913691262,-0.0001928913244714,0.0003596595131911,0.0095340178027605,-0.0088498167569469,Information Technology,10.0,0.6480210449218751
2023-12-08,5697.1767578125,5832.09452881583,5605.606000010579,5634.126556792268,826910,5608.94580078125,5597.837841796875,5588.12255859375,5491.337182617188,5396.123515625,5311.781461588542,0.0578836763692591,0.0144457308279112,-0.0110669202835897,0.0236815139741484,-0.0160730062791804,Information Technology,10.0,0.6480105224609376
2023-12-11,5777.71337890625,5820.3215213910435,5712.594248751422,5721.805585010017,484446,5646.1453125,5622.092529296875,5600.5880859375,5527.623071289063,5427.97767578125,5343.926839192708,0.1147681096996047,0.0141362335271256,-0.0096764567969649,0.0073745683959247,-0.0112707443038919,Information Technology,10.0,0.6480052612304688
2023-12-12,5769.7333984375,5870.367329614435,5753.379657056056,5787.811168677699,360216,5695.5609375,5650.6966796875,5610.321484375,5562.973071289062,5458.46046875,5372.385904947917,0.1091317090065131,-0.0013811658601625,0.0031332072024496,0.0174416951750644,-0.0028344015662616,Information Technology,10.0,0.6480026306152344
2023-12-13,5743.921875,5787.6133024032515,5608.068031171818,5772.984072538147,405773,5720.91884765625,5664.065283203125,5623.788606770833,5599.682568359375,5486.64193359375,5400.648681640625,0.0909005755892574,-0.0044736076444173,0.0050596435972847,0.0076065497327557,-0.0236517568979265,Information Technology,10.0,0.6480013153076172
2023-12-14,6065.3310546875,6113.75154286514,5800.667597734967,5802.588850973937,1243260,5810.77529296875,5703.062890625,5658.08857421875,5639.751489257813,5528.77130859375,5439.76904296875,0.3179175376295673,0.0559563982035358,-0.0433186913203207,0.0079831566885733,-0.0436354511511769,Information Technology,10.0,0.6480006576538087
2023-12-15,6344.27783203125,6433.089841367832,6083.407376489367,6104.736458877014,1260254,5940.1955078125,5774.570654296875,5711.957063802083,5676.140795898437,5581.10884765625,5486.802180989584,0.5149425573414598,0.0459903630698229,-0.0377570748785353,0.0139987578867029,-0.0411190150319062,Information Technology,10.0,0.6480003288269043
2023-12-18,6345.509765625,6381.960660312005,6237.092694293164,6334.574401011934,603544,6053.75478515625,5849.950048828125,5765.979947916667,5713.879760742188,5632.8494140625,5532.273860677084,0.5158126937269869,0.0001941802717923,-0.001723323265895,0.0057443603482365,-0.0170856361957166,Information Technology,10.0,0.6480001644134521
2023-12-19,6180.29833984375,6344.425977646348,6168.0824605658045,6344.376912094611,327439,6135.8677734375,5915.71435546875,5812.420377604167,5741.708056640625,5677.55201171875,5571.361686197916,0.3991209551410707,-0.0260359580054917,0.0265486491474147,0.0265565881738238,-0.001976584075107,Information Technology,10.0,0.648
2023-12-19,6180.29833984375,6344.425977646348,6168.0824605658045,6344.376912094611,327439,6135.8677734375,5915.71435546875,5812.420377604167,5741.708056640625,5677.55201171875,5571.361686197916,0.3991209551410707,-0.0260359580054917,0.0265486491474147,0.0265565881738238,-0.001976584075107,Information Technology,10.0,0.648
2023-12-20,5949.42626953125,6263.0518389765975,5925.634767878291,6216.355382862222,485530,6176.96865234375,5948.94375,5835.033072916666,5762.083618164063,5715.13978515625,5601.69638671875,0.2360519473633227,-0.0373561368104337,0.0448663621058711,0.0527152628231593,-0.003998957306993,Information Technology,10.0,0.56755
2023-12-21,6036.9580078125,6083.359110351054,5834.1628552709935,5871.500780225561,366697,6171.29404296875,5991.03466796875,5859.13994140625,5786.38994140625,5746.06,5635.858430989583,0.2978771551126385,0.0147126351879551,-0.0274073842111902,0.0076861728172543,-0.0335922748309772,Information Technology,10.0,0.527325
2023-12-22,6196.84912109375,6229.802410525128,6019.3722912400435,6039.0754769215155,477031,6141.80830078125,6041.001904296875,5896.983203125,5819.419873046875,5769.274296875,5674.558756510417,0.4108110633153982,0.0264853777472583,-0.0254603010480247,0.0053177491959917,-0.0286398500892307,Information Technology,10.0,0.5072125000000001
2023-12-26,6182.9091796875,6248.570435548995,6152.320174118032,6206.5039386619055,256576,6109.28818359375,6081.521484375,5936.39609375,5851.8070068359375,5792.9614453125,5712.255875651042,0.4009650372866964,-0.00224952086679,0.0038161257570983,0.0106197995075214,-0.004947348356654,Information Technology,10.0,0.49715625
2023-12-27,6205.91259765625,6300.044860417324,6187.687150020527,6223.251498100443,348740,6114.41103515625,6125.139404296875,5981.94658203125,5887.918041992188,5816.24865234375,5750.361848958333,0.4172127563745162,0.003720484532479,0.002793932426754,0.0151681579912397,-0.0029367876760955,Information Technology,10.0,0.492128125
2023-12-28,6179.26416015625,6231.132702173703,6147.443225483148,6231.132702173703,320910,6160.37861328125,6168.6736328125,6019.422037760417,5916.369458007813,5841.7426171875,5789.346256510416,0.3983904958209968,-0.0042940400917125,0.0083939674163633,0.0083939674163633,-0.0051496317115365,Information Technology,10.0,0.4896140625
2023-12-29,6181.28369140625,6226.207053696853,6120.7950038953395,6184.830361251399,220563,6189.24375,6180.268896484375,6057.104361979166,5941.665893554688,5866.960703125,5819.923958333334,0.3998169262968352,0.0003268239061572,0.0005737756139683,0.0072676428608282,-0.0097857808395054,Information Technology,10.0,0.4883570312499999
2024-01-01,6100.6484375,6196.603344544673,6089.270039240386,6196.603344544673,183642,6170.00361328125,6155.90595703125,6084.002473958333,5965.238305664063,5889.53662109375,5836.062516276042,0.3428628268745846,-0.0130450660302739,0.0157286406564338,0.0157286406564338,-0.0018651129263034,Information Technology,10.0,0.4877285156249999
2024-01-02,5948.68798828125,6125.130138238869,5911.941733990014,6117.8400546705525,315763,6123.159375,6116.223779296875,6095.40078125,5983.0869140625,5906.07748046875,5847.99443359375,0.2355304863189639,-0.0249089012054302,0.0284351888555136,0.0296606832137111,-0.0061772031687702,Information Technology,10.0,0.4874142578125
2024-01-03,5840.2216796875,5960.213892582082,5754.85723968737,5959.622700782465,400286,6050.02119140625,6082.21611328125,6100.1,5998.965234375,5920.338671875,5855.2107421875,0.1589188230036192,-0.018233652329291,0.020444604270801,0.0205458319008537,-0.014616643799161,Information Technology,10.0,0.4872571289062499
2024-01-04,5865.68798828125,5947.407150906839,5823.86826140506,5856.772488345397,210040,5987.30595703125,6073.84228515625,6108.217740885417,6011.393017578125,5930.5567578125,5866.003173828125,0.1769061250992071,0.0043605037600409,-0.0015199410459038,0.0139317268134362,-0.0071295518888387,Information Technology,10.0,0.4871785644531249
2024-01-05,5986.1728515625,6057.596901323175,5865.737126276396,5865.737126276396,498803,5948.2837890625,6068.76376953125,6102.94052734375,6029.89921875,5942.98947265625,5880.51455078125,0.2620067051776772,0.0205406191945361,-0.020118985581024,0.0119315047413026,-0.020118985581024,Information Technology,10.0,0.4871
2024-01-05,5986.1728515625,6057.596901323175,5865.737126276396,5865.737126276396,498803,5948.2837890625,6068.76376953125,6102.94052734375,6029.89921875,5942.98947265625,5880.51455078125,0.2620067051776772,0.0205406191945361,-0.020118985581024,0.0119315047413026,-0.020118985581024,Information Technology,10.0,0.4871
2024-01-08,5970.55859375,6043.952969665251,5919.822884224693,6043.903904108784,331217,5922.2658203125,6046.134716796875,6078.025911458333,6043.568310546875,5956.64380859375,5894.991487630208,0.2509780799948048,-0.0026083873953663,0.0122844972052635,0.0122927151225147,-0.0084976487088523,Information Technology,10.0,0.594025
2024-01-09,5977.79931640625,6181.481014005268,5962.972379423239,6098.136435975436,423485,5928.0880859375,6025.62373046875,6053.511881510417,6053.572607421875,5972.0871484375,5909.745914713541,0.2560923298802515,0.0012127378942113,0.0201306723761898,0.0340730236694308,-0.0024803336810451,Information Technology,10.0,0.6474875
2024-01-10,6060.9462890625,6081.831858586934,5949.426064152842,5997.354448812118,208245,5972.2330078125,6011.127099609375,6045.555078125,6068.133251953125,5993.6187890625,5928.987727864584,0.3148205004745797,0.0139092947513394,-0.010492064640985,0.0034459255252143,-0.0183998041874923,Information Technology,10.0,0.67421875
2024-01-11,6145.52197265625,6245.90960335495,6131.089485946938,6167.09686388044,431230,6028.1998046875,6007.752880859375,6058.628125,6088.2132568359375,6014.754375,5946.830598958333,0.3745577947566021,0.0139542044360917,0.0035106686332233,0.0163350861237439,-0.002348455798145,Information Technology,10.0,0.6875843749999999
2024-01-12,6494.85986328125,6516.828723100908,6243.939598943848,6255.761510459677,1252771,6129.93720703125,6039.110498046875,6089.154915364584,6109.689697265625,6049.90681640625,5974.147428385417,0.6213012970186249,0.0568442993417542,-0.0368134737091584,0.0033824994352624,-0.0386336687194718,Information Technology,10.0,0.6942671874999999
2024-01-15,6515.892578125,6688.24638749159,6485.008219360585,6600.468598969781,731362,6239.00400390625,6080.634912109375,6110.424479166667,6118.270434570312,6082.65544921875,6003.703841145833,0.6361570737949157,0.0032383631497052,0.0129799593579424,0.026451296932858,-0.0047398508176913,Information Technology,10.0,0.69760859375
2024-01-16,6499.095703125,6561.160737124829,6415.30809963915,6561.160737124829,263369,6343.26328125,6135.67568359375,6131.503580729167,6125.949731445313,6111.5107421875,6033.949837239584,0.6242931452724687,-0.002577831785685,0.009549795361528,0.009549795361528,-0.0128921941318023,Information Technology,10.0,0.6992792968749999
2024-01-17,6528.60205078125,6563.131694134259,6385.8030083125595,6398.708692209885,299390,6436.79443359375,6204.513720703125,6153.0162109375,6143.364916992187,6141.86548828125,6067.481396484375,0.6451339980830196,0.0045400697272487,-0.0198960447521565,0.005288979644406,-0.0218728360769978,Information Technology,10.0,0.7001146484374999
2024-01-18,6390.33447265625,6504.465274858905,6170.101820415706,6497.569159693002,541380,6485.75693359375,6256.978369140625,6167.087565104167,6165.410327148437,6167.7219921875,6093.254801432292,0.547473173444695,-0.0211787419495807,0.0167807628060159,0.0178599105713499,-0.034463399870993,Information Technology,10.0,0.70053232421875
2024-01-19,6320.14208984375,6451.709927739961,6277.435336100692,6432.991900215493,400947,6450.81337890625,6290.37529296875,6176.344791666666,6179.56953125,6177.91443359375,6116.724576822917,0.497895057723304,-0.0109841485000273,0.0178555812143983,0.020817227844867,-0.006757245823901,Information Technology,10.0,0.700741162109375
2024-01-23,6109.56396484375,6322.161147760678,6075.674581387221,6303.0491536923,689002,6369.54765625,6304.275830078125,6176.93916015625,6175.2052734375,6168.52587890625,6130.470817057291,0.349160020795845,-0.033318574488759,0.0316692304003889,0.0347974395783849,-0.0055469397900632,Information Technology,10.0,0.7008455810546874
2024-01-24,6274.6767578125,6327.579523195554,6069.5664007129035,6130.646276844083,345532,6324.6638671875,6333.96357421875,6198.671744791666,6179.79365234375,6165.69255859375,6147.036263020834,0.4657820932898561,0.0270252990096933,-0.0229542471313899,0.0084311538944514,-0.0326885933756215,Information Technology,10.0,0.7008977905273437
2024-01-25,6112.9619140625,6344.4252609903315,6093.258730022158,6344.4252609903315,392096,6241.53583984375,6339.16513671875,6216.854427083334,6175.146118164063,6162.9991015625,6158.477213541667,0.3515600521501389,-0.0257726174577282,0.037864352859023,0.037864352859023,-0.003223181220059,Information Technology,10.0,0.7009238952636718
2024-01-29,6161.92578125,6230.1480699668255,6108.234593740008,6129.859035068528,423776,6195.8541015625,6340.805517578125,6236.60361328125,6174.27919921875,6171.49908203125,6172.410677083333,0.3861440935563581,0.0080098433256817,-0.0052040136995883,0.0110715855949479,-0.0087133778328469,Information Technology,10.0,0.7009369476318359
2024-01-30,6152.123046875,6327.875863468372,6137.050300914432,6206.504036561671,546835,6162.25029296875,6306.5318359375,6247.666959635417,6172.821166992188,6176.10568359375,6175.303743489583,0.3792202496895951,-0.001590855638805,0.0088393858952957,0.0285678318288262,-0.0024500072325802,Information Technology,10.0,0.7009434738159179
2024-01-31,6157.34375,6236.057875635586,6145.472292753319,6161.136709211884,337292,6171.80625,6270.676953125,6260.119303385417,6175.655932617187,6174.52546875,6169.072607421875,0.3829077242175603,0.0008486018704797,0.0006160057592827,0.0127837796347793,-0.0019280159966187,Information Technology,10.0,0.700946736907959
2024-02-01,6078.18701171875,6188.820216349426,6012.082721908097,6157.3446631575525,290416,6132.50830078125,6228.586083984375,6266.81181640625,6182.130883789063,6170.33658203125,6160.161848958333,0.3269979264105995,-0.0128556633339254,0.013023233948904,0.0182016782993637,-0.0108756590876859,Information Technology,10.0,0.7009483684539795
2024-02-02,6329.99365234375,6372.9957612657445,6135.227458692803,6152.320069424111,518712,6175.9146484375,6208.725244140625,6284.748307291667,6206.619482421875,6175.29982421875,6165.151692708333,0.5048533897543764,0.0414279192363638,-0.0280685246586073,0.0067933889485138,-0.0307687818263185,Information Technology,10.0,0.7009491842269897
2024-02-05,6290.42041015625,6402.7162112875985,6274.314881476574,6402.7162112875985,430785,6201.61357421875,6198.733837890625,6294.408203125,6227.856103515625,6179.74607421875,6176.5181640625,0.4769021121081485,-0.0062517032971822,0.0178518753611507,0.0178518753611507,-0.0025603262786176,Information Technology,10.0,0.7009495921134948
2024-02-06,6482.60205078125,6492.680670617194,6297.040619973121,6344.468511038351,434992,6267.709375,6214.979833984375,6293.591015625,6252.677563476563,6191.79880859375,6191.372965494792,0.6126433882503833,0.0305514779766884,-0.0213083478919167,0.0015547182685275,-0.0286245290632588,Information Technology,10.0,0.7009497960567475
2024-02-07,6505.0322265625,6565.799217058982,6434.384424603174,6565.799217058982,237786,6337.2470703125,6254.52666015625,6292.8669921875,6279.401245117188,6207.97416015625,6201.645735677083,0.6284862162892103,0.0034600574901164,0.0093415356573249,0.0093415356573249,-0.0108604845446951,Information Technology,10.0,0.7009498980283737
2024-02-08,6529.58642578125,6586.54920986935,6490.507525255684,6550.9290759689,163963,6427.526953125,6280.017626953125,6294.89970703125,6306.9906005859375,6231.21009765625,6213.201643880208,0.645829279475498,0.0037746468216538,0.0032686067379981,0.0087237966348359,-0.0059848967418928,Information Technology,10.0,0.7009499490141868
2024-02-09,6423.2685546875,6562.835017534034,6393.873140388849,6562.78580646099,182879,6446.18193359375,6311.048291015625,6287.877473958333,6325.106713867188,6254.53197265625,6220.446842447916,0.5707350953897685,-0.0162824816398734,0.0217206007479906,0.021728262123601,-0.0045763950313426,Information Technology,10.0,0.7009499745070934
2024-02-12,6586.7470703125,6653.442551129102,6424.009904135382,6471.832937591575,881053,6505.447265625,6353.530419921875,6300.971647135417,6347.16796875,6283.3743359375,6234.029606119791,0.6862028490243427,0.025450985620973,-0.0174462646727185,0.0101257085029435,-0.0247067580461073,Information Technology,10.0,0.7009499872535467
2024-02-13,6582.4970703125,6673.301622588483,6503.549490672201,6613.127582954682,356627,6525.42626953125,6396.567822265625,6318.461979166666,6351.549829101563,6307.2273046875,6247.403385416666,0.6832009992028492,-0.0006452350385754,0.00465332719711,0.0137948488705779,-0.0119935609233094,Information Technology,10.0,0.70095
2024-02-14,6395.0087890625,6535.267089678165,6318.778431143112,6471.930996714212,335871,6503.42158203125,6420.334326171875,6337.491634114584,6345.505639648438,6324.2053125,6257.215397135416,0.5507747254140376,-0.0284828506943944,0.0120284756736024,0.0219324640891114,-0.011920289781269,Information Technology,10.0,0.750325
2024-02-15,6565.6015625,6584.572913940133,6433.495399606888,6511.454907392778,171082,6510.624609375,6469.07578125,6356.88662109375,6348.830932617188,6347.71740234375,6277.779182942709,0.671267404588497,0.0266759247820375,-0.0082470211741884,0.0028895069643715,-0.0201209533712261,Information Technology,10.0,0.7750125000000001
2024-02-16,6585.9560546875,6610.262947668986,6448.118733132967,6600.332925014713,319668,6543.162109375,6494.672021484375,6388.419563802084,6351.6986328125,6368.71779296875,6302.636995442708,0.6856441407625298,0.0031001717045634,0.0021829587394497,0.0036907159385288,-0.0209289768121712,Information Technology,10.0,0.7873562500000001
2024-02-19,6674.38916015625,6765.83635864776,6493.669217115614,6620.143602354628,370439,6560.69052734375,6533.068896484375,6422.5837890625,6365.9013671875,6389.87248046875,6329.593701171875,0.7481060000249978,0.0134275274135496,-0.0081274190791045,0.0137012086495371,-0.0270766265952052,Information Technology,10.0,0.7935281250000001
2024-02-20,6574.1484375,6723.891936352923,6504.883855373855,6674.141956099368,285213,6559.02080078125,6542.22353515625,6450.718815104166,6378.6016845703125,6393.0440234375,6349.192887369792,0.6773042128692213,-0.0150187111136179,0.0152101096514627,0.0227776266807062,-0.0105359017650177,Information Technology,10.0,0.7966140625000001
2024-02-21,6467.9794921875,6624.985497331095,6422.527757289758,6620.143995975596,303362,6573.61494140625,6538.51826171875,6471.427864583334,6396.5224609375,6391.1275,6365.773583984375,0.6023152176846356,-0.0161494597090164,0.0235258172930035,0.0242743511065919,-0.0070271921784295,Information Technology,10.0,0.7981570312500001
2024-02-22,6538.82470703125,6597.466936307334,6454.442192301372,6506.514260996602,198579,6568.2595703125,6539.44208984375,6502.137044270833,6409.7298583984375,6392.71666015625,6384.474430338541,0.6523544401628438,0.0109532219341947,-0.0049413231707992,0.0089683134054696,-0.0129048442970401,Information Technology,10.0,0.7989285156250001
2024-02-23,6527.263671875,6642.819948181686,6511.602490126997,6595.441266994494,196052,6556.52109375,6549.8416015625,6515.28837890625,6430.444946289063,6392.663125,6400.018343098958,0.6441886774992979,-0.0017680601138945,0.0104450499545867,0.0177036323512715,-0.0023993487218059,Information Technology,10.0,0.7993142578125001
2024-02-26,6514.8134765625,6600.134371433969,6407.063431408696,6520.346826916092,755379,6524.60595703125,6542.6482421875,6530.247916666666,6448.089331054687,6397.64228515625,6412.328059895834,0.6353948853636772,-0.0019074141843152,0.0008493490064602,0.0130964447682833,-0.0165392371618071,Information Technology,10.0,0.7995071289062501
2024-02-27,6483.34375,6569.356504555552,6447.229576544342,6506.514446213715,112860,6506.44501953125,6532.73291015625,6530.29736328125,6464.650366210937,6404.1703515625,6411.944189453125,0.6131672634662437,-0.0048304877301114,0.0035738805633613,0.0132667274591991,-0.0055703005807239,Information Technology,10.0,0.7996035644531251
2024-02-28,6387.59814453125,6512.442283276923,6343.727441846255,6490.70449990079,192687,6490.36875,6531.991845703125,6522.468424479167,6476.1630859375,6415.29171875,6407.667708333333,0.5455404567167941,-0.014767935985,0.0161416471475768,0.0195447703379021,-0.0068681062415542,Information Technology,10.0,0.7996517822265625
2024-02-29,6475.93310546875,6501.57400444352,6313.838584862324,6392.885077317564,202478,6477.7904296875,6523.025,6518.891536458334,6496.050390625,6423.34197265625,6406.895621744791,0.6079329947690002,0.0138291356060224,-0.0128241022256784,0.0039594138106702,-0.0250302957066591,Information Technology,10.0,0.7996758911132813
2024-03-01,6427.1708984375,6545.888738246681,6378.06307803567,6508.242754337946,475667,6457.771875,6507.146484375,6519.151692708333,6500.909252929688,6435.91033203125,6403.514583333334,0.5734913894813789,-0.0075297576792557,0.0126139256574235,0.0184712436755092,-0.00764065888053,Information Technology,10.0,0.7996879455566407
2024-03-04,6365.91015625,6459.975185428789,6329.647387691223,6447.229036010807,446281,6427.9912109375,6476.298583984375,6504.429231770833,6504.683740234375,6444.06970703125,6402.700439453125,0.5302218487754705,-0.0095315253251462,0.0127741167821806,0.0147763676944823,-0.0056963996771418,Information Technology,10.0,0.7996939727783203
2024-03-05,6241.16552734375,6369.171250509235,6211.0782625971215,6348.421545845769,265245,6379.55556640625,6443.00029296875,6481.673795572917,6492.6119140625,6447.63140625,6400.067887369792,0.442112521242645,-0.0195957256455742,0.0171852545862003,0.0205099067801786,-0.0048207766025128,Information Technology,10.0,0.7996969863891602
2024-03-06,6247.93310546875,6292.199428784094,6040.831690265158,6229.851414095223,429399,6351.62255859375,6420.995654296875,6471.86875,6479.7569580078125,6451.25498046875,6404.680192057292,0.4468925808159333,0.0010843452389381,-0.0028940276837632,0.0070849547471305,-0.0331471883113343,Information Technology,10.0,0.7996984931945801
2024-03-07,6179.1630859375,6302.426205514051,6162.266802312866,6284.146704815324,233446,6292.2685546875,6385.0294921875,6446.106184895833,6462.235791015625,6455.2940234375,6401.496402994791,0.3983191053208763,-0.0110068431224169,0.0169899414237415,0.0199481900481106,-0.0027343967766583,Information Technology,10.0,0.7996992465972901
2024-03-11,6173.18505859375,6227.579215010615,6099.424897736938,6205.14958007257,486927,6241.47138671875,6349.621630859375,6418.588118489583,6449.731616210937,6449.0216796875,6403.503841145834,0.3940967193644716,-0.0009674493552945,0.0051779626198507,0.0088113600840691,-0.011948477189118,Information Technology,10.0,0.7996996232986451
2024-03-12,6188.99462890625,6270.956156331927,6114.295594695503,6187.315180365682,277022,6206.08828125,6317.03974609375,6386.228483072917,6429.843994140625,6444.9646484375,6404.406136067709,0.4052632972045818,0.0025610070267521,-0.0002713604779561,0.013243108507942,-0.0120696556855711,Information Technology,10.0,0.7996998116493226
2024-03-13,6100.017578125,6249.958885115696,6047.0563346495,6244.623343665653,364200,6177.85869140625,6278.70712890625,6354.619759114584,6405.72001953125,6429.66126953125,6402.669287109375,0.3424172397917066,-0.0143766566488319,0.0237057948913486,0.0245804712970654,-0.0086821460425657,Information Technology,10.0,0.7996999058246613
2024-03-14,6015.04248046875,6077.884533663339,5829.6783733262855,6071.75823798136,439378,6131.28056640625,6241.4515625,6324.423958333334,6386.721704101563,6410.0616796875,6397.925911458334,0.282397832325633,-0.0139303037356769,0.0094289870265704,0.0104474828562959,-0.0308167577775808,Information Technology,10.0,0.7996999529123308
2024-03-15,6043.49951171875,6064.2000050094175,5936.687841809469,6005.557291659598,210374,6104.1478515625,6198.208203125,6291.402278645834,6360.6166015625,6390.618203125,6396.769661458334,0.3024975344851741,0.0047309776019707,-0.0062781869983739,0.0034252494354516,-0.0176738112913165,Information Technology,10.0,0.7996999764561654
2024-03-18,5629.24609375,5973.098313579971,5597.578287753121,5973.098313579971,1433639,5995.36005859375,6118.41572265625,6231.534440104167,6312.781103515625,6358.8573046875,6373.411409505208,0.0099030524186813,-0.0685452885642639,0.0610831742125719,0.0610831742125719,-0.005625585641395,Information Technology,10.0,0.7997000000000001
2024-03-18,5629.24609375,5973.098313579971,5597.578287753121,5973.098313579971,1433639,5995.36005859375,6118.41572265625,6231.534440104167,6312.781103515625,6358.8573046875,6373.411409505208,0.0099030524186813,-0.0685452885642639,0.0610831742125719,0.0610831742125719,-0.005625585641395,Information Technology,10.0,0.7997000000000001
2024-03-19,5491.3095703125,5677.513634588084,5471.004698001083,5637.002312099725,594997,5855.823046875,6030.9556640625,6163.300846354166,6253.627124023437,6315.0398046875,6346.774381510417,-0.0875239424656252,-0.0245035518327484,0.0265315112764501,0.0339088630665174,-0.0036976375218746,Information Technology,10.0,0.64985
2024-03-20,5463.8408203125,5557.955534021938,5410.237426939932,5508.551484830632,334922,5728.5876953125,5953.223193359375,6095.333984375,6198.111743164062,6270.2935546875,6312.815673828125,-0.1069256041795432,-0.0050022220835087,0.00818301008183,0.0172250101722499,-0.0098105700981058,Information Technology,10.0,0.574925
2024-03-21,5638.73193359375,5660.815643126011,5514.480732708936,5523.373462792143,592395,5653.3255859375,5892.303076171875,6045.4095703125,6156.649365234375,6240.04248046875,6283.938997395833,0.0166030680990761,0.0320088229201463,-0.020458229289876,0.0039164318843911,-0.0220353090638278,Information Technology,10.0,0.5374625
2024-03-22,5474.068359375,5572.085717896873,5397.04724238331,5534.390519317065,1055867,5539.43935546875,5821.793603515625,5978.618587239584,6103.411547851562,6196.38115234375,6248.755061848959,-0.0997017132832881,-0.0292022348566948,0.0110196212363251,0.0179057607773578,-0.0140701781445206,Information Technology,10.0,0.51873125
2024-03-26,5481.1826171875,5513.4930652318,5461.124761924043,5480.392345216519,206027,5509.82666015625,5752.593359375,5915.552701822917,6051.107495117188,6152.19021484375,6217.352197265625,-0.0946767877434028,0.0012996289679715,-0.0001441790989599,0.0058947950289018,-0.0036594028450285,Information Technology,10.0,0.509365625
2024-03-27,5483.10888671875,5564.477459459416,5464.92829149313,5480.490568371234,248089,5508.1865234375,5682.00478515625,5856.699283854166,5999.522265625,6104.53900390625,6180.5642578125,-0.0933162296613955,0.000351433197137,-0.0004775244120827,0.0148398608201558,-0.0033157457933503,Information Technology,10.0,0.5046828125
2024-03-28,5436.8671875,5527.325821646571,5419.624978857963,5502.6237934840465,262188,5502.791796875,5615.68974609375,5803.07939453125,5947.1984375,6059.04775390625,6142.376595052084,-0.1259775559073635,-0.0084334818392458,0.0120945764750752,0.0166380069674216,-0.0031713499792085,Information Technology,10.0,0.50234140625
2024-04-01,5418.685546875,5509.341980830219,5397.886634303637,5482.960506965344,503910,5458.78251953125,5556.054052734375,5747.796223958333,5898.752807617188,6017.07599609375,6109.832486979167,-0.1388195687696262,-0.0033441391886124,0.0118617254192601,0.0167303367525175,-0.0038383686212162,Information Technology,10.0,0.501170703125
2024-04-02,5490.025390625,5506.032496784498,5427.776283833662,5451.243209012936,182235,5461.97392578125,5500.706640625,5701.8537109375,5849.457421875,5975.1240234375,6073.979947916667,-0.0884309811869634,0.0131655256856789,-0.0070641169853767,0.0029156706974129,-0.0113385826771652,Information Technology,10.0,0.5005853515625001
2024-04-03,5595.1083984375,5636.508901996679,5449.514544962255,5483.850364814019,700786,5484.75908203125,5497.29287109375,5663.315266927083,5807.854296875,5937.8378125,6040.951692708333,-0.0142090027766197,0.0191407143566119,-0.0198848754484455,0.0073994104512329,-0.0260216323093764,Information Technology,10.0,0.50029267578125
2024-04-04,5750.0888671875,5828.542411628919,5682.207501253961,5770.393741220385,647624,5538.155078125,5523.17080078125,5634.0548828125,5777.063232421875,5907.248828125,6010.141682942708,0.0952564307415396,0.0276992790333213,0.0035312278647994,0.0136438838170152,-0.0118052724925521,Information Technology,10.0,0.500146337890625
2024-04-05,5713.97412109375,5772.22169517203,5675.784882907995,5770.788784586322,222769,5593.57646484375,5548.184130859375,5608.31865234375,5750.703662109375,5876.47404296875,5981.469205729167,0.0697479497733492,-0.0062807283379282,0.0099431082970493,0.0101938813239026,-0.0066834811247701,Information Technology,10.0,0.5000731689453125
2024-04-08,5614.474609375,5755.572397218356,5535.62544825897,5755.572397218356,391144,5632.73427734375,5545.7583984375,5581.614127604166,5719.030737304687,5845.5491015625,5953.01904296875,-0.00053030704821,-0.0174133640807781,0.0251310759528151,0.0251310759528151,-0.0140439073291681,Information Technology,10.0,0.5000365844726562
2024-04-09,5643.57373046875,5707.601679901549,5618.62468087174,5652.812385920737,306416,5663.4439453125,5562.708935546875,5554.952408854167,5692.25126953125,5812.2547265625,5923.17734375,0.020022914472,0.0051828751785893,0.0016370221943073,0.0113452844758847,-0.0044207891645526,Information Technology,10.0,0.5000182922363281
2024-04-10,5634.48291015625,5666.298830114438,5599.998495948479,5652.811620433171,144670,5671.31884765625,5578.03896484375,5555.301529947917,5665.316162109375,5780.54720703125,5893.417985026042,0.0136019080408687,-0.0016108268885405,0.0032529533888341,0.005646644149162,-0.0061202447070364,Information Technology,10.0,0.500009146118164
2024-04-12,5549.31103515625,5651.330418976394,5533.254715668818,5617.241617603077,323488,5631.16328125,5584.6591796875,5559.168294270833,5633.331982421875,5747.8832421875,5861.2345703125,-0.0465564867273719,-0.015116183038993,0.0122412641887381,0.0183841531270865,-0.0028933897173381,Information Technology,10.0,0.5000045730590821
2024-04-15,5331.88330078125,5518.679835406642,5309.848803286903,5449.26713974623,546918,5554.7451171875,5574.160791015625,5550.371126302083,5594.925268554687,5711.511953125,5822.852555338542,-0.200129523344159,-0.0391810322033747,0.0220154553922402,0.0350338752909356,-0.0041325918538237,Information Technology,10.0,0.500002286529541
2024-04-16,5147.80322265625,5290.185794491501,5138.021317025738,5289.148502402445,591551,5461.41083984375,5547.07255859375,5517.642545572917,5551.563305664063,5667.5067578125,5781.526057942709,-0.3301485232641717,-0.0345244011807287,0.0274573975796341,0.0276588994716433,-0.0019002097025503,Information Technology,10.0,0.5000011432647705
2024-04-18,5144.83935546875,5247.698693918667,5113.319665040312,5165.687963059083,531498,5361.66396484375,5512.553955078125,5495.6939453125,5506.630297851562,5626.13380859375,5737.156266276042,-0.3322419548377546,-0.0005757537845377,0.0040523340283058,0.0199927211217163,-0.0061264673686911,Information Technology,10.0,0.5000005716323852
2024-04-19,5057.14697265625,5115.49344863278,5030.369879480798,5113.3194773196765,341489,5246.19677734375,5458.7578125,5467.42490234375,5478.025341796875,5581.49228515625,5691.488802083333,-0.3941806286476486,-0.0170447271048971,0.0111075483799756,0.011537429363237,-0.0052949011211725,Information Technology,10.0,0.5000002858161926
2024-04-22,5039.2626953125,5123.1014710475465,5019.451862736481,5067.867835428231,332642,5144.187109375,5387.6751953125,5437.83515625,5455.422998046875,5535.5030078125,5647.267220052084,-0.4068126085892667,-0.0035364361448163,0.0056764534506881,0.0166371115784522,-0.0039312958608898,Information Technology,10.0,0.5000001429080962
2024-04-23,5154.9677734375,5181.497850342025,5049.341988884504,5093.55862290487,262373,5108.80400390625,5331.774560546875,5419.041861979166,5439.979345703125,5497.701015625,5611.060628255208,-0.3250880749150477,0.0229607157079999,-0.0119126157973399,0.0051465068397187,-0.0204900959996809,Information Technology,10.0,0.5000000714540481
2024-04-24,5130.75927734375,5204.025395129316,5123.2497644183895,5167.664203280121,205747,5105.39521484375,5283.40302734375,5399.84677734375,5414.580712890625,5462.3296875,5573.821500651042,-0.3421869618980245,-0.004696148871869,0.0071928780793388,0.0142797807936716,-0.0014636260481992,Information Technology,10.0,0.500000035727024
2024-04-25,5148.39697265625,5157.783743837564,5059.271857508015,5094.052507922329,276991,5106.10673828125,5233.8853515625,5377.071549479167,5398.297143554688,5426.5255859375,5539.462630208333,-0.3297291471861689,0.0034376384388922,-0.0105556088667114,0.0018232415315229,-0.0173112360258131,Information Technology,10.0,0.500000017863512
2024-04-26,5188.4140625,5310.936123774043,5108.37949021615,5149.779993460806,515645,5132.36015625,5189.278466796875,5349.95859375,5383.658715820313,5408.8923046875,5506.636930338542,-0.3014643721263682,0.0077727281047451,-0.0074462193213197,0.0236145496095983,-0.0154256332127212,Information Technology,10.0,0.500000008931756
2024-04-29,5122.41015625,5241.671253788693,5105.810104537315,5226.948942107564,286320,5148.9896484375,5146.58837890625,5308.113346354166,5365.623779296875,5394.136328125,5471.084114583334,-0.3480840931132954,-0.0127214030057956,0.0204081248218699,0.0232822233872036,-0.0032406721067486,Information Technology,10.0,0.500000004465878
2024-04-30,5042.42529296875,5170.727730967346,5034.322834290254,5130.068286812872,230457,5126.48115234375,5117.642578125,5263.343424479167,5345.901684570313,5377.27970703125,5435.831038411458,-0.4045788101869444,-0.0156146932481886,0.0173811189560573,0.0254445887730858,-0.0016068574560329,Information Technology,10.0,0.500000002232939
2024-05-02,4926.2763671875,5059.914342308535,4908.787137902404,5058.87656762737,449137,5085.5845703125,5095.489892578125,5217.463541666667,5321.281225585937,5348.781484375,5399.538834635417,-0.4866168412747362,-0.0230343374532906,0.0269169227538839,0.0271275838300828,-0.0035501924742969,Information Technology,10.0,0.5000000011164695
2024-05-03,4429.123046875,4664.632289772927,4406.8912205937895,4433.668316740349,4992728,4941.72978515625,5023.91826171875,5136.500162760417,5268.236108398438,5306.983671875,5345.726285807292,-0.8377649838241513,-0.1009186824401274,0.0010262234345816,0.0531728833011519,-0.0050194645860869,Information Technology,10.0,0.5
2024-05-06,4360.451171875,4489.840586878007,4355.115630345918,4485.888262417728,1306727,4776.13720703125,4954.248681640625,5051.564713541667,5206.503247070313,5262.1544140625,5303.433121744792,-0.8862691381089464,-0.0155046211796829,0.0287669980922615,0.0296734007337524,-0.0012236214370421,Information Technology,10.0,0.5
2024-05-07,4366.47802734375,4428.57901429757,4289.308805234187,4387.079612557165,1087838,4624.95078125,4886.97021484375,4972.7091796875,5137.322705078125,5217.4891796875,5265.938736979167,-0.8820122639882323,0.0013821632742096,0.0047181241001108,0.0142222144632198,-0.0176731044164917,Information Technology,10.0,0.5
2024-05-08,4356.9931640625,4420.378957580002,4340.2946886519785,4392.020834795927,889655,4487.86435546875,4807.17275390625,4907.71650390625,5069.473657226563,5174.29421875,5229.043815104166,-0.8887115899053408,-0.002172199933643,0.0080394137457784,0.0145480589779949,-0.0038325686503836,Information Technology,10.0,0.5
2024-05-09,4250.52783203125,4371.123441014714,4236.151442477406,4358.426500149942,863863,4352.7146484375,4719.149609375,4847.89814453125,5001.276318359375,5127.56791015625,5182.770345052083,-0.9639099282472848,-0.02443550586891,0.0253847692292674,0.0283719137361426,-0.0033822598326509,Information Technology,10.0,0.5
2024-05-10,4412.07861328125,4417.710868881066,4250.873268427556,4278.39142524156,1023679,4349.30576171875,4645.5177734375,4799.047428385416,4939.7015625,5084.4500390625,5147.370686848958,-0.8498037673396472,0.0380072281923625,-0.0303002733535311,0.001276553772832,-0.0365372784538411,Information Technology,10.0,0.646475
2024-05-13,4480.7998046875,4498.7333806879515,4349.829361551439,4422.6511337490165,747199,4373.37548828125,4574.75634765625,4760.624283854167,4882.017407226563,5039.8776953125,5114.024593098959,-0.8012647800088997,0.015575695138202,-0.0129772972400267,0.0040023158324749,-0.029229255678651,Information Technology,10.0,0.7197125
2024-05-14,4505.0078125,4532.328159348883,4446.365100734679,4483.91218380755,473631,4401.0814453125,4513.01611328125,4725.007291666667,4829.80224609375,4990.074453125,5081.421223958333,-0.784166237907566,0.0054026086564222,-0.0046827063504565,0.0060644393941065,-0.0130172275401178,Information Technology,10.0,0.75633125
2024-05-15,4579.02685546875,4588.998431240688,4505.652297570587,4524.90118868879,493540,4445.48818359375,4466.67626953125,4686.61123046875,4792.159423828125,4944.6765625,5052.826546223959,-0.7318852847492443,0.0164303916995149,-0.0118203427252926,0.0021776626533711,-0.016024050571036,Information Technology,10.0,0.774640625
2024-05-16,4644.513671875,4671.849028840924,4553.6265895181805,4626.703200910105,1042730,4524.2853515625,4438.5,4654.194856770833,4766.994946289063,4905.878125,5027.020817057291,-0.685630793422354,0.0143014702628439,-0.0038347332408013,0.0058855154483565,-0.0195686973443934,Information Technology,10.0,0.7837953125
2024-05-17,4675.9169921875,4710.049124039453,4624.271861198779,4653.492814776709,689705,4577.05302734375,4463.17939453125,4622.69619140625,4743.548828125,4867.17185546875,4999.883870442708,-0.6634500754283814,0.0067613796688044,-0.0047956748266184,0.0072995589761282,-0.0110449204027807,Information Technology,10.0,0.78837265625
2024-05-21,4752.86328125,4762.636705552277,4691.197154968993,4698.142666831257,456006,4631.46572265625,4502.42060546875,4593.65947265625,4728.334643554687,4831.9070703125,4971.809033203125,-0.6091015568197089,0.0164558714774153,-0.0115131892462834,0.0020563234673365,-0.0129745213846732,Information Technology,10.0,0.79295
2024-05-21,4752.86328125,4762.636705552277,4691.197154968993,4698.142666831257,456006,4631.46572265625,4502.42060546875,4593.65947265625,4728.334643554687,4831.9070703125,4971.809033203125,-0.6091015568197089,0.0164558714774153,-0.0115131892462834,0.0020563234673365,-0.0129745213846732,Information Technology,10.0,0.79295
2024-05-22,4872.12744140625,4979.882185041121,4789.475566248928,4812.24711494584,1102680,4704.8896484375,4552.985546875,4576.973958333333,4719.977880859375,4804.8197265625,4942.54365234375,-0.5248631808489749,0.0250931182108153,-0.0122903859105801,0.0221165691847686,-0.0169642268498351,Information Technology,10.0,0.646475
2024-05-23,5027.60791015625,5122.513758539843,4892.468381076073,4909.484788651557,2018695,4794.605859375,4620.047021484375,4575.9861328125,4713.609887695313,4792.6487109375,4919.664778645833,-0.4150445885282868,0.031912233540657,-0.0234948953091733,0.0188769391089298,-0.0268794885152405,Information Technology,10.0,0.5732375000000001
2024-05-24,5065.708984375,5090.0676915237445,5041.994636200515,5060.301213795536,857050,4878.844921875,4701.56513671875,4585.281640625,4710.357373046875,4789.36494140625,4901.372591145833,-0.3881331290359884,0.0075783702507473,-0.0010675249202322,0.0048085484625899,-0.0046813483063538,Information Technology,10.0,0.53661875
2024-05-27,5222.6279296875,5271.643300330719,5079.2028245699485,5104.951022059392,1581710,4988.187109375,4782.620068359375,4638.181966145833,4714.068920898438,4792.476484375,4887.341064453125,-0.2772985153947443,0.0309766995689075,-0.0225321254380741,0.0093851929149684,-0.0274622483256495,Information Technology,10.0,0.5183093750000001
2024-05-28,5106.19140625,5269.658986367501,5095.128295144207,5256.760178831673,839721,5058.852734375,4845.159228515625,4687.897981770833,4709.957788085938,4794.43826171875,4869.73134765625,-0.3595396817703187,-0.0222946235123563,0.0294874908914257,0.0320136021374788,-0.0021666072079185,Information Technology,10.0,0.5091546875
2024-05-29,5101.52783203125,5157.538617387791,5070.918356909494,5103.909537946074,681131,5104.7328125,4904.81123046875,4736.901302083334,4708.913671875,4796.9288671875,4854.805240885416,-0.3628336463435132,-0.0009133175487784,0.0004668612998384,0.0109792178344816,-0.0060000603994683,Information Technology,10.0,0.5045773437500001
2024-05-30,4958.15283203125,5101.031937847396,4936.2746627453425,5094.533116756977,470738,5090.841796875,4942.723828125,4776.97861328125,4704.700048828125,4789.05626953125,4842.34755859375,-0.4641019329686052,-0.0281043257472366,0.0275062688355764,0.028817003157527,-0.0044125645229343,Information Technology,10.0,0.502288671875
2024-05-31,4932.30517578125,4979.832219886962,4901.546483274869,4958.152205853317,349305,5064.16103515625,4971.502978515625,4822.430436197917,4705.001489257813,4781.11810546875,4835.164290364583,-0.4823585876274498,-0.0052131624670816,0.0052403549964796,0.0096358685060853,-0.0062361697847515,Information Technology,10.0,0.5011443359375001
2024-06-03,4977.55029296875,5078.160886556615,4909.335451047928,5064.914707629362,854826,5015.1455078125,5001.66630859375,4860.128548177084,4732.4228515625,4774.28423828125,4829.58798828125,-0.4504011648150374,0.0091732193315336,0.017551688987256,0.0202128733344968,-0.0137045007897121,Information Technology,10.0,0.50057216796875
2024-06-04,4928.287109375,5059.656401666073,4686.186422353345,5030.534767212259,626042,4979.5646484375,5019.20869140625,4889.96103515625,4760.8146484375,4763.87916015625,4825.292659505209,-0.4851966186684736,-0.0098970740011082,0.0207470984478064,0.0266561767558493,-0.0491247124302297,Information Technology,10.0,0.500286083984375
2024-06-05,5089.17529296875,5132.733479418191,4898.91787083876,4909.336139064913,402735,4977.094140625,5040.9134765625,4928.905533854167,4796.94951171875,4762.549765625,4826.956412760416,-0.3715584621505151,0.0326458625528725,-0.0353375829188481,0.0085589872507674,-0.0373847256534572,Information Technology,10.0,0.5001430419921875
2024-06-06,5172.07421875,5231.160967477206,5133.774587340003,5179.36710265845,320986,5019.87841796875,5055.360107421875,4968.442024739584,4837.703564453125,4767.73572265625,4827.526627604167,-0.3130054914308788,0.016289265157713,0.0014100501268932,0.0114241880971086,-0.0074050815572507,Information Technology,10.0,0.5000715209960938
2024-06-07,5388.82421875,5421.021336092176,5284.542224041893,5287.5188719337675,1236311,5111.1822265625,5087.671630859375,5018.062727864583,4894.618383789062,4786.23763671875,4836.128792317709,-0.1599111505347067,0.0419077512875259,-0.0187991559390169,0.0059747945071484,-0.0193515302179028,Information Technology,10.0,0.5000357604980469
2024-06-10,5179.51611328125,5425.436939024683,5154.115287482629,5417.499211242643,1017614,5151.575390625,5083.36044921875,5051.636002604167,4932.990258789063,4816.253359375,4837.166097005208,-0.3077491503084772,-0.0388411454841073,0.0459469751143661,0.0474794981548267,-0.0049040924370306,Information Technology,10.0,0.5000178802490234
2024-06-11,5135.56103515625,5214.0948309083815,5127.772043032258,5214.0948309083815,374015,5193.03017578125,5086.297412109375,5077.149186197917,4965.7283203125,4847.25775390625,4835.404329427083,-0.3387953958198342,-0.0084863290631128,0.0152921550760505,0.0152921550760505,-0.0015166779385292,Information Technology,10.0,0.5000089401245117
2024-06-12,5138.884765625,5224.016695763798,5128.3671802246245,5189.289139381703,318394,5202.9720703125,5090.03310546875,5094.9330078125,4997.42216796875,4878.1540234375,4835.953483072916,-0.3364477864752908,0.0006471990978194,0.0098084265469167,0.0165662267245731,-0.0020466669092736,Information Technology,10.0,0.5000044700622559
2024-06-13,5232.20263671875,5276.604299449165,5159.52282007064,5199.112138659326,529415,5214.99775390625,5117.4380859375,5108.57265625,5030.08095703125,4913.16240234375,4842.27939453125,-0.2705357312553064,0.0181591678641971,-0.0063243915339211,0.0084862276584649,-0.0138908642677665,Information Technology,10.0,0.500002235031128
2024-06-14,5161.25927734375,5258.744493664993,5138.388893668194,5258.744493664993,354469,5169.484765625,5140.33349609375,5114.94267578125,5055.918237304688,4949.59166015625,4850.112158203125,-0.3206442749437765,-0.0135589854408793,0.0188878742730811,0.0188878742730811,-0.0044311634906522,Information Technology,10.0,0.500001117515564
2024-06-18,5232.05419921875,5258.744712277425,5121.8189065615215,5170.437489750501,399967,5179.9923828125,5165.78388671875,5115.57109375,5083.72509765625,4982.39068359375,4876.876529947916,-0.2706405752748071,0.0137165986188228,-0.011776772013839,0.0051013449101233,-0.0210692184101779,Information Technology,10.0,0.500000558757782
2024-06-19,5353.15380859375,5410.057490465205,5178.672536145473,5240.041189810984,857756,5223.5109375,5208.270556640625,5132.03525390625,5113.7396240234375,5017.28484375,4909.966617838541,-0.1851057892076812,0.0231457100335624,-0.0211300894439422,0.0106299359043455,-0.032594107826338,Information Technology,10.0,0.500000279378891
2024-06-20,5274.5703125,5392.644004714229,5268.66643409712,5392.644004714229,269215,5250.648046875,5226.81005859375,5143.571419270834,5133.861767578125,5048.06734375,4940.236360677083,-0.2406106959656492,-0.0146798502160717,0.0223854617947569,0.0223854617947569,-0.0011193098305825,Information Technology,10.0,0.5000001396894456
2024-06-21,5341.4951171875,5477.031909525838,5298.433042910865,5380.042802794652,1088736,5272.50654296875,5243.7521484375,5169.127571614584,5149.556127929687,5078.56607421875,4973.053092447916,-0.1933405281998459,0.0126882003125254,0.0072166471674037,0.0253743173708456,-0.0080618016738558,Information Technology,10.0,0.5000000698447228
2024-06-24,5309.9921875,5392.09805420163,5291.983565596875,5338.121605495677,360743,5302.253125,5235.8689453125,5194.306705729166,5161.770288085938,5105.18521484375,5008.368570963542,-0.2155916020490098,-0.0058977737499248,0.0052974499777787,0.0154625211869259,-0.0033914592088323,Information Technology,10.0,0.5000000349223614
2024-06-25,5309.00048828125,5356.874910685034,5270.155328449715,5318.277804855591,150871,5317.6423828125,5248.8173828125,5216.403385416666,5166.088916015625,5130.5085546875,5038.265966796875,-0.2162920566661345,-0.0001867609562749,0.0017474695274222,0.0090175961575929,-0.007316849926324,Information Technology,10.0,0.5000000174611807
2024-06-26,5283.8974609375,5420.327158057069,5263.705768867712,5353.005206982339,400431,5303.79111328125,5263.651025390625,5240.1107421875,5174.97421875,5151.749921875,5065.035888671875,-0.2340227668192602,-0.0047283904756009,0.0130789339792709,0.0258198986880724,-0.0038213633438308,Information Technology,10.0,0.5000000087305904
2024-06-27,5396.66259765625,5412.4886359846705,5258.744579440729,5334.748418749113,517602,5328.2095703125,5289.42880859375,5260.609895833333,5189.73095703125,5172.731328125,5094.75771484375,-0.1543747655181125,0.021341280286454,-0.0114726792321658,0.0029325602707299,-0.0255561684133113,Information Technology,10.0,0.5000000043652952
2024-06-28,5416.30810546875,5504.8139598995385,5349.333530433923,5382.820817951337,674314,5343.17216796875,5307.83935546875,5276.892154947916,5212.638720703125,5188.2793359375,5122.66708984375,-0.1404987974898528,0.0036403068483532,-0.0061826777327533,0.016340624038988,-0.0123653554655067,Information Technology,10.0,0.5000000021826476
2024-07-01,5475.44482421875,5550.456452724785,5383.516106251609,5412.538425029264,479608,5376.2626953125,5339.25791015625,5282.666861979166,5239.795703125,5204.66876953125,5150.364794921875,-0.098729491931405,0.0109182708218335,-0.0114888198509902,0.0136996410180678,-0.0167892693504143,Information Technology,10.0,0.5000000010913238
2024-07-02,5609.7412109375,5710.103762458179,5479.016752915653,5510.76766492096,1103329,5436.41083984375,5377.026611328125,5311.34853515625,5271.405249023437,5220.15330078125,5181.492268880208,-0.0038735896963671,0.0245270276717493,-0.0176431571965509,0.0178907631826221,-0.0233031173999558,Information Technology,10.0,0.500000000545662
2024-07-03,5636.6796875,5670.464932448814,5577.2460469451025,5655.631109693486,371477,5506.96728515625,5405.37919921875,5344.7564453125,5306.824877929687,5241.37283203125,5210.952815755209,0.0151535305531503,0.0048020890001088,0.0033621605704352,0.0059938202668738,-0.0105440869181725,Information Technology,10.0,0.500000000272831
2024-07-04,5852.78466796875,5860.474341909596,5645.708996569524,5656.077847481947,1117259,5598.19169921875,5463.200634765625,5392.349772135417,5345.005346679687,5271.42310546875,5243.641389973958,0.1677922827987948,0.0383390564037172,-0.0336090991974032,0.0013138487706425,-0.0353807090379583,Information Technology,10.0,0.5000000001364155
2024-07-05,5824.4560546875,5887.809136648465,5794.590259272185,5887.809136648465,320376,5679.8212890625,5511.496728515625,5431.833333333333,5377.624438476562,5306.075234375,5270.202994791666,0.1477832845113875,-0.0048401940082107,0.0108770812872696,0.0108770812872696,-0.0051276540049227,Information Technology,10.0,0.5
2024-07-05,5824.4560546875,5887.809136648465,5794.590259272185,5887.809136648465,320376,5679.8212890625,5511.496728515625,5431.833333333333,5377.624438476562,5306.075234375,5270.202994791666,0.1477832845113875,-0.0048401940082107,0.0108770812872696,0.0108770812872696,-0.0051276540049227,Information Technology,10.0,0.5
2024-07-08,5809.87060546875,5928.837191297313,5707.870523420261,5871.884097297693,750011,5746.7064453125,5561.4845703125,5475.074088541666,5398.6767578125,5341.1778515625,5295.008382161458,0.137481324950515,-0.0025041736227045,0.0106738163446482,0.020476632597735,-0.0175563431571914,Information Technology,10.0,0.5740000000000001
2024-07-09,5715.80859375,5854.123397338418,5680.535511270838,5854.0739803341485,301221,5767.919921875,5602.165380859375,5507.324381510417,5425.491381835937,5370.70818359375,5311.447737630208,0.0710436701064548,-0.0161900355629625,0.02418999592382,0.024198641595462,-0.0061711447996583,Information Technology,10.0,0.611
2024-07-10,5624.9716796875,5749.8915740199,5581.264275308877,5729.947936030142,203051,5765.5783203125,5636.272802734375,5525.445572916667,5449.9619140625,5398.57556640625,5328.740413411459,0.0068839585150331,-0.015892224620997,0.0186625395327277,0.0222080930262282,-0.0077702443438882,Information Technology,10.0,0.6295
2024-07-11,5520.19384765625,5655.631334886425,5507.840564369438,5655.631334886425,501505,5699.06015625,5648.625927734375,5541.820475260417,5469.027368164063,5415.81630859375,5342.695947265625,-0.0671224688683765,-0.0186272639219884,0.0245349150714477,0.0245349150714477,-0.0022378350521253,Information Technology,10.0,0.6387499999999999
2024-07-12,5931.11962890625,5992.984390830198,5588.209696667293,5608.00459883647,2172502,5720.39287109375,5700.107080078125,5581.128776041666,5503.973217773438,5446.178125,5375.128173828125,0.2231216448004278,0.0744404621632028,-0.0544779148434348,0.0104305368622883,-0.0578153795057059,Information Technology,10.0,0.643375
2024-07-15,5869.94970703125,6011.588537436712,5820.388325296842,5983.062328160656,474811,5732.40869140625,5739.557568359375,5618.45927734375,5539.407739257813,5465.42314453125,5406.382991536459,0.179916252080135,-0.0103133852800538,0.0192697768762677,0.024129479377958,-0.0084432378824373,Information Technology,10.0,0.6456875
2024-07-16,5850.998046875,5918.8655198942815,5766.2629029703185,5902.692593955162,489410,5759.44658203125,5763.683251953125,5654.592447916667,5570.354931640625,5492.282421875,5435.497916666666,0.1665303608667124,-0.0032285898691004,0.008835167379311,0.0115992985257495,-0.0144821692343476,Information Technology,10.0,0.6468437499999999
2024-07-18,5950.91455078125,5996.605902040659,5759.912978090025,5854.074175990804,675683,5824.63515625,5795.10673828125,5699.06025390625,5600.24296875,5524.8965625,5469.585498046875,0.2371031466114743,0.0170768308424944,-0.0162731919546269,0.0076780385383639,-0.0320961712794464,Information Technology,10.0,0.647421875
2024-07-19,5937.17236328125,6096.075655393639,5905.718922960383,5970.16354457711,772909,5908.030859375,5803.5455078125,5735.09423828125,5633.373071289063,5556.82806640625,5497.852067057292,0.2273967976482258,-0.0023092563979423,0.0055567161061207,0.0267641365939002,-0.0052977138604553,Information Technology,10.0,0.6477109375000001
2024-07-22,6028.90283203125,6066.805191153837,5795.136654102751,5883.890081361632,1000047,5927.5875,5823.990185546875,5775.93388671875,5667.74345703125,5588.69607421875,5526.413020833334,0.2921876426465103,0.015450194661235,-0.0240529255006687,0.0062867755839775,-0.0387742487217593,Information Technology,10.0,0.64785546875
2024-07-23,6131.24951171875,6285.687822004188,5973.189225758943,6063.232820052058,1718488,5979.8474609375,5856.128076171875,5819.65419921875,5708.806323242187,5627.49568359375,5551.160530598959,0.3644769043289531,0.0169760041816791,-0.0110934470268565,0.0251887172411198,-0.0257794574593162,Information Technology,10.0,0.648
2024-07-23,6131.24951171875,6285.687822004188,5973.189225758943,6063.232820052058,1718488,5979.8474609375,5856.128076171875,5819.65419921875,5708.806323242187,5627.49568359375,5551.160530598959,0.3644769043289531,0.0169760041816791,-0.0110934470268565,0.0251887172411198,-0.0257794574593162,Information Technology,10.0,0.648
2024-07-24,6284.79541015625,6371.366255435287,6083.375563833676,6101.136133189672,750878,6066.60693359375,5913.0267578125,5864.6578125,5757.5960693359375,5669.60533203125,5588.003173828125,0.4729290755797011,0.0250431658577954,-0.0292227932622569,0.0137746481196727,-0.0320487514990669,Information Technology,10.0,0.5740000000000001
2024-07-25,6272.49169921875,6374.98741198819,6147.273853847911,6159.676553093024,437234,6130.92236328125,5977.778759765625,5907.045279947916,5807.02578125,5706.37884765625,5625.900862630208,0.4642387479370087,-0.001957694743351,-0.0179856987518655,0.0163405099096751,-0.019963014919005,Information Technology,10.0,0.537
2024-07-26,6294.32080078125,6357.177296475209,6272.492048892957,6272.492048892957,217924,6202.35205078125,6055.191455078125,5936.481022135416,5851.90869140625,5747.1688671875,5664.415397135416,0.4796570266731865,0.0034801323954272,-0.0034680075228423,0.0099862237218919,-0.0034680075228423,Information Technology,10.0,0.5185
2024-07-29,6264.3056640625,6362.485136623066,6217.3241443283005,6320.415279383224,393131,6249.4326171875,6088.51005859375,5965.804329427084,5894.308569335937,5784.0812890625,5698.818831380208,0.4584568071905313,-0.0047686061242738,0.0089570366341822,0.0156728419438101,-0.0074998766429495,Information Technology,10.0,0.50925
2024-07-30,6263.85888671875,6299.529241603508,6216.82795063044,6260.88223906151,149027,6275.9544921875,6127.9009765625,5996.07021484375,5933.729272460938,5822.23595703125,5735.572151692709,0.4581412404870999,-7.132112762522158e-05,-0.0004752098843656,0.0056946293857911,-0.0075083007039047,Information Technology,10.0,0.504625
2024-07-31,6256.41796875,6325.376980537824,6219.904613854534,6250.812045263343,205810,6270.27900390625,6168.44296875,6032.11083984375,5966.0631103515625,5860.13265625,5769.717610677083,0.4528855891279845,-0.0011879127712354,-0.0008960276494726,0.0110221235429386,-0.005836143793117,Information Technology,10.0,0.5023124999999999
2024-08-01,6237.2177734375,6307.516365614976,6181.60426701058,6293.079818315478,212890,6263.22421875,6197.073291015625,6072.92724609375,5996.090014648437,5898.26546875,5799.186409505209,0.4393241531582269,-0.0030688798939588,0.0089562440990722,0.0112708253472979,-0.0089163964522389,Information Technology,10.0,0.50115625
2024-08-02,6050.96240234375,6200.146394645893,6031.057920757093,6160.437051070364,248706,6214.5525390625,6208.452294921875,6108.31181640625,6005.998901367188,5924.4374609375,5825.066145833333,0.3077687055182287,-0.0298619316912354,0.0180921052631579,0.0246545892012746,-0.0032894736842106,Information Technology,10.0,0.500578125
2024-08-05,5868.88525390625,5903.76814524386,5721.542541134264,5772.2989630507445,675161,6135.46845703125,6192.450537109375,6104.162858072917,6008.220361328125,5942.540546875,5842.645817057291,0.1791644100981892,-0.0300906097791939,-0.0164573486576891,0.0059436996684152,-0.0251057409367335,Information Technology,10.0,0.5002890625
2024-08-06,5867.8408203125,6069.871296317154,5843.308645416067,5898.045966501071,374311,6056.26484375,6166.10966796875,6104.022265625,6011.118872070312,5958.23638671875,5861.240771484375,0.1784267082636103,-0.0001779611542166,0.0051475742293505,0.0344301221166893,-0.0041807839796047,Information Technology,10.0,0.50014453125
2024-08-07,5987.96435546875,6007.171984033373,5881.773761702657,5881.773761702657,174546,6002.57412109375,6136.4265625,6113.153352864583,6024.72666015625,5973.3653125,5883.872900390625,0.2632720759261905,0.0204715054199191,-0.0177340056590534,0.0032077058954234,-0.0177340056590534,Information Technology,10.0,0.5000722656250001
2024-08-08,5817.18408203125,5989.955071039623,5803.6489380169105,5971.493373691087,268749,5918.5673828125,6090.89580078125,6104.23798828125,6034.3372802734375,5980.58548828125,5901.64912109375,0.1426469622007828,-0.0285205895191289,0.0265264584176534,0.0297001068853997,-0.0023267518826073,Information Technology,10.0,0.5000361328125
2024-08-09,5850.32470703125,5965.9198782835465,5812.755000757545,5931.5350832127315,256835,5878.43984375,6046.49619140625,6098.44814453125,6050.843823242188,5980.48708984375,5916.77119140625,0.1660547690808853,0.0056970218808045,0.0138813450959189,0.0197587616142687,-0.006421815566673,Information Technology,10.0,0.50001806640625
2024-08-12,5846.49267578125,5870.826095799562,5738.461310117015,5866.795633171614,341681,5873.961328125,6004.714892578125,6086.287467447916,6046.612475585937,5981.3685546875,5931.110677083333,0.1633481379458805,-0.0006550117201861,0.0034726730223177,0.0041620543063556,-0.0184779784488139,Information Technology,10.0,0.5000090332031251
2024-08-13,5819.8212890625,5919.393258330485,5786.779657070585,5846.941143729158,169097,5864.357421875,5960.3111328125,6065.5255859375,6044.1060546875,5981.76658203125,5942.589892578125,0.1445096679551356,-0.0045619464861787,0.0046599119319394,0.0171091111431747,-0.0056774306891539,Information Technology,10.0,0.5000045166015625
2024-08-14,5842.26318359375,5896.702130128376,5762.894070534217,5840.969586788766,234688,5835.2171875,5918.895654296875,6036.0234375,6043.6693115234375,5986.824765625,5950.340625,0.1603607731533969,0.0038561140311002,-0.0002214204948207,0.0093181263534141,-0.0135853368061914,Information Technology,10.0,0.5000022583007813
2024-08-16,6047.9765625,6059.91925112103,5897.697730685371,5944.174888281911,408062,5881.37568359375,5899.971533203125,6021.05576171875,6048.522412109375,6003.7449609375,5964.050520833333,0.3056597542707065,0.0352112481827136,-0.0171630417455158,0.0019746585486259,-0.0248477867368767,Information Technology,10.0,0.5000011291503906
2024-08-19,6030.708984375,6120.627569517016,6005.728764909567,6090.770849665713,415023,5917.4525390625,5897.94619140625,6003.481640625,6053.199243164063,6024.16556640625,5969.981331380209,0.2934633598443165,-0.0028551000399152,0.0099593373592272,0.0149101184247137,-0.0041421696072807,Information Technology,10.0,0.5000005645751953
2024-08-20,6086.04345703125,6180.440548930943,6055.888364750855,6060.914051481184,325670,5965.3626953125,5919.66201171875,5991.597493489583,6056.056274414063,6030.36251953125,5978.700911458333,0.3325470720479883,0.0091754506476131,-0.0041290217080249,0.0155104202863742,-0.0049547941110339,Information Technology,10.0,0.5000002822875976
2024-08-21,6061.2626953125,6134.51128022831,6025.534250255578,6105.699350527061,198485,6013.6509765625,5939.00419921875,5978.091080729167,6052.55693359375,6038.0150390625,5987.080647786458,0.3150439837793048,-0.0040717359140971,0.0073312538077134,0.0120847071968117,-0.0058945547904651,Information Technology,10.0,0.5000001411437989
2024-08-22,6055.14208984375,6165.412715295332,6046.08545420206,6092.761362879423,219794,6056.2267578125,5945.72197265625,5964.672688802083,6041.074267578125,6046.18080078125,5998.391764322917,0.3107208923831167,-0.0010097904968684,0.0062127812159473,0.0182110714852652,-0.0014956933309427,Information Technology,10.0,0.5000000705718994
2024-08-23,5993.48779296875,6060.46617444805,5952.484369385638,6059.918995622354,178042,6045.32900390625,5963.35234375,5948.4240234375,6027.124072265625,6047.88373046875,6010.675634765625,0.2671733770728742,-0.0101821387442604,0.0110838972144962,0.0111751927747105,-0.0068413292893021,Information Technology,10.0,0.5000000352859497
2024-08-26,5997.369140625,6152.076909163702,5983.53562391449,6023.4442043708295,434677,6038.66103515625,5978.056787109375,5944.851139322916,6012.2764892578125,6050.2916015625,6026.581477864584,0.2699148412538316,0.0006475941539087,0.0043477503442637,0.0257959390044448,-0.0023065975073643,Information Technology,10.0,0.5000000176429749
2024-08-27,6051.85791015625,6100.723508860792,5997.369392683146,6019.115135659065,263887,6031.82392578125,5998.593310546875,5957.04931640625,6001.6541015625,6051.2098046875,6030.606087239584,0.3084012184516638,0.0090854453433846,-0.0054103673587966,0.0080744788509552,-0.0090036015851696,Information Technology,10.0,0.5000000088214874
2024-08-28,6225.57421875,6314.696334337197,6051.857576485658,6060.914212153433,695937,6064.68623046875,6039.168603515625,5980.898209635417,5999.739868164063,6054.98279296875,6042.460237630208,0.431100105496998,0.028704624459576,-0.0264489669243117,0.014315485199547,-0.027903713964432,Information Technology,10.0,0.5000000044107438
2024-08-29,6252.24609375,6318.528110609351,6155.6097443092685,6208.207430906522,305394,6104.10703125,6080.16689453125,5998.5169921875,5999.531274414063,6053.6808203125,6055.835172526042,0.449938920369386,0.0042842433585757,-0.0070436547415337,0.0106013128506903,-0.0154562613166063,Information Technology,10.0,0.5000000022053719
2024-08-30,6313.75048828125,6357.391156941159,6208.157612890693,6259.958826607179,393337,6168.1595703125,6106.744287109375,6031.621419270833,6003.35791015625,6055.331171875,6067.929703776042,0.4933805570151985,0.0098371678927885,-0.0085197636133883,0.0069120040047367,-0.0167242711897698,Information Technology,10.0,0.5000000011026859
2024-09-02,6310.3173828125,6416.905970254084,6273.9917068630275,6314.696271216566,310819,6230.74921875,6134.705126953125,6062.28759765625,6016.325659179687,6055.97103515625,6080.36787109375,0.4909556941826018,-0.0005437505766377,0.0006939252241087,0.0168911610899162,-0.0057565529189408,Information Technology,10.0,0.500000000551343
2024-09-03,6376.99755859375,6394.861538269639,6283.695306267354,6313.7012134256765,196286,6295.7771484375,6163.800537109375,6097.65458984375,6041.731274414063,6060.4787109375,6091.971028645833,0.5380530762452148,0.0105668497693741,-0.0099257283049722,0.0028013151191841,-0.0146310628895663,Information Technology,10.0,0.5000000002756715
2024-09-04,6300.86279296875,6312.357435842659,6192.980608055574,6212.287856555753,381230,6310.83486328125,6187.760546875,6129.7240234375,6063.382373046875,6061.9588671875,6097.6248046875,0.4842777509273652,-0.0119389673471647,-0.0140575885118208,0.0018242966481885,-0.0171218114816853,Information Technology,10.0,0.5000000001378357
2024-09-05,6519.96142578125,6548.574116640431,6283.546151861865,6346.543638573865,828530,6364.3779296875,6234.24248046875,6174.90390625,6089.9822265625,6072.50060546875,6105.463671875,0.6390309725268213,0.0347727985851392,-0.0265979774852127,0.0043884754817782,-0.0362602258633848,Information Technology,10.0,0.5000000000689179
2024-09-06,6593.0107421875,6681.685300033912,6508.765125633482,6519.961395918402,627971,6420.22998046875,6294.194775390625,6211.239518229167,6128.7735595703125,6086.73232421875,6116.147639973959,0.6906269907419575,0.0112039491702202,-0.0110798160545483,0.0134497820971228,-0.01277801900351,Information Technology,10.0,0.5000000000344589
2024-09-09,6459.75,6661.034048453568,6400.4345540446075,6524.389991398516,509962,6450.11650390625,6340.432861328125,6239.842252604167,6159.24482421875,6103.083828125,6121.661946614583,0.5965025824719228,-0.0202124260673182,0.0100065778704308,0.0311597273042405,-0.0091823129309017,Information Technology,10.0,0.5000000000172294
2024-09-10,6774.48974609375,6839.975290702306,6572.508841567196,6578.430618727734,1273605,6529.61494140625,6412.696044921875,6285.738671875,6205.644677734375,6139.3080078125,6138.668082682291,0.8188088061492064,0.0487232084978133,-0.0289407962391655,0.0096664910661818,-0.029814925123035,Information Technology,10.0,0.5000000000086147
2024-09-11,6808.4267578125,6879.286412485007,6744.632804525553,6774.489523447756,441166,6631.127734375,6470.981298828125,6335.549609375,6255.074951171875,6176.9314453125,6156.820345052083,0.8427791149891958,0.0050095303101342,-0.0049845927072361,0.0104076400015902,-0.0093698523250976,Information Technology,10.0,0.5000000000043073
2024-09-12,6843.65771484375,6895.906973918759,6777.524886834841,6865.055030464944,292965,6695.8669921875,6530.1224609375,6388.117317708334,6305.144677734375,6211.1591796875,6176.395003255208,0.8676633601833853,0.005174610564889,0.0031265905620592,0.0076346978840979,-0.0096633745819093,Information Technology,10.0,0.5000000000021536
2024-09-13,6980.25244140625,7010.308401065637,6782.3520486578755,6867.045709599448,649973,6773.31533203125,6596.77265625,6453.901627604167,6351.758471679687,6257.6819140625,6201.162825520833,0.9641426203124686,0.019959315946826,-0.0162181429335234,0.004305855685261,-0.028351466427553,Information Technology,10.0,0.5000000000010768
2024-09-16,6955.9189453125,7054.247368597883,6890.682206149942,6981.496396626372,477869,6872.54912109375,6661.3328125,6517.804947916667,6398.018969726562,6301.90568359375,6231.328043619792,0.9469554436288596,-0.0034860481476867,0.0036770772510379,0.0141359357488841,-0.0093785939248932,Information Technology,10.0,0.5
2024-09-16,6955.9189453125,7054.247368597883,6890.682206149942,6981.496396626372,477869,6872.54912109375,6661.3328125,6517.804947916667,6398.018969726562,6301.90568359375,6231.328043619792,0.9469554436288596,-0.0034860481476867,0.0036770772510379,0.0141359357488841,-0.0093785939248932,Information Technology,10.0,0.5
2024-09-17,6965.125,7015.334247120113,6887.1495853458755,6890.682436302722,248222,6910.676171875,6720.145556640625,6578.689420572917,6441.973046875,6346.6509765625,6267.869368489583,0.9534578421277612,0.0013234850434397,-0.0106879006044081,0.0072086641833581,-0.0111951206409252,Information Technology,10.0,0.5
2024-09-18,6827.98291015625,6966.567849155523,6737.666334111841,6966.567849155523,329594,6914.58740234375,6772.857568359375,6618.85,6480.309057617187,6386.97744140625,6299.874104817708,0.8565919696767692,-0.0196898246397229,0.0202966148015888,0.0202966148015888,-0.0132274168276063,Information Technology,10.0,0.5
2024-09-19,6882.5712890625,7049.1221250110775,6794.493963815128,6976.520338803186,671487,6922.3701171875,6809.1185546875,6660.8716796875,6521.680517578125,6428.589765625,6329.6943359375,0.8951487027297927,0.0079948030955163,0.0136502835633516,0.0241989263828263,-0.0127971540792233,Information Technology,10.0,0.5
2024-09-20,6912.17919921875,6945.61882326155,6811.313148262625,6936.711373961206,299674,6908.75546875,6841.035400390625,6700.766927083333,6567.615087890625,6463.15787109375,6366.194173177083,0.9160612909221072,0.004301867559774,0.0035491230819404,0.0048377831475461,-0.0145925109938592,Information Technology,10.0,0.5
2024-09-23,6852.41552734375,6970.399622641556,6837.188794713375,6936.711193471939,224597,6888.05478515625,6880.301953125,6736.906803385416,6610.367407226562,6496.0261328125,6399.597200520833,0.8738491573339263,-0.0086461404070303,0.0123015987270207,0.0172178839457419,-0.0022220970940268,Information Technology,10.0,0.5
2024-09-24,6964.57763671875,6982.093676521663,6808.825078824139,6856.09821939918,300789,6887.9453125,6899.3107421875,6776.07880859375,6656.003393554687,6531.1675,6436.86669921875,0.9530712298058523,0.0163682585983629,-0.0155758788225207,0.0025150182418189,-0.0223635324378393,Information Technology,10.0,0.5
2024-09-25,6873.81298828125,7048.624474152807,6829.227147075254,6964.577612246084,256348,6897.111328125,6905.849365234375,6814.27548828125,6688.41533203125,6563.66951171875,6471.999755859375,0.8889625606976086,-0.0130323263192543,0.0132044069455443,0.0254315161278875,-0.0064863331722885,Information Technology,10.0,0.5
2024-09-26,6841.41845703125,6941.637706380283,6754.435978209959,6931.983839376938,641705,6888.88076171875,6905.625439453125,6835.70595703125,6717.873950195312,6595.12056640625,6505.304931640625,0.8660817329681544,-0.0047127455031475,0.0132378077608465,0.0146488991980944,-0.0127141000609156,Information Technology,10.0,0.5
2024-09-27,6902.22705078125,7114.856566896399,6888.24386163654,6978.411255645636,697662,6886.89033203125,6897.822900390625,6856.320377604166,6747.297778320312,6631.47013671875,6533.779947916667,0.9090319132725574,0.0088883020578143,0.0110376265955729,0.0308059289488429,-0.0020258952714584,Information Technology,10.0,0.5
2024-09-30,6982.939453125,6995.727692443207,6842.115260675477,6903.371101951399,302359,6912.9951171875,6900.524951171875,6891.199674479167,6780.928881835937,6670.89294921875,6565.520963541667,0.966040503994417,0.0116936753528869,-0.0113946786604303,0.0018313547473884,-0.0201668929531533,Information Technology,10.0,0.5
2024-10-01,7092.4140625,7104.903928956346,6946.712884386496,6966.567796987592,473715,6938.56240234375,6913.253857421875,6912.39462890625,6816.69970703125,6712.5151953125,6599.066650390625,1.0433643479027517,0.0156774392947096,-0.017743784331177,0.0017610176656752,-0.0205432419525357,Information Technology,10.0,0.5
2024-10-03,7026.4306640625,7212.836411830919,6918.797285075572,6918.797285075572,518013,6969.0859375,6933.0986328125,6926.92822265625,6852.978100585938,6744.549453125,6631.238916015625,0.9967591119448342,-0.0093033765169431,-0.0153183578025513,0.0265292232543918,-0.0153183578025513,Information Technology,10.0,0.5
2024-10-04,7091.51806640625,7200.3959590397035,6998.564243469589,7016.329088777826,532082,7019.105859375,6953.993310546875,6943.45224609375,6881.555932617188,6778.12033203125,6665.784781901041,1.0427314900876734,0.0092632241682319,-0.0106026631990979,0.0153532560467168,-0.0131077467569319,Information Technology,10.0,0.5
2024-10-07,7173.6240234375,7250.206703171896,7066.438692229865,7160.089366052305,664253,7073.38525390625,6980.13779296875,6956.343684895834,6910.586596679687,6812.5152734375,6705.12265625,1.1007243730189245,0.0115780508859168,-0.0018867252229799,0.0106755915119314,-0.014941587523606,Information Technology,10.0,0.5
2024-10-08,7286.98095703125,7311.9606920288525,7041.259749323532,7239.259769259198,300317,7134.1935546875,7023.5943359375,6978.414485677084,6951.94814453125,6851.58181640625,6748.109716796875,1.1807903708715024,0.0158019061527887,-0.0065488283904469,0.0034279950976816,-0.0337205777202725,Information Technology,10.0,0.5
2024-10-09,7342.11572265625,7382.521913415455,7286.08432103857,7325.843713400914,291026,7184.13388671875,7061.34814453125,7003.547200520833,6980.329443359375,6890.18654296875,6791.118310546875,1.2197330264831483,0.0075662014145652,-0.0022162561678406,0.0055033443063992,-0.0076315061944309,Information Technology,10.0,0.5
2024-10-10,7246.7236328125,7393.519174368476,7228.311988617344,7393.519174368476,192600,7228.19248046875,7098.639208984375,7031.463248697916,7002.244287109375,6928.0209765625,6825.156624348959,1.1523559140432993,-0.0129924525092119,0.0202568152166449,0.0202568152166449,-0.0025406852983588,Information Technology,10.0,0.5
2024-10-11,7364.5673828125,7409.369750088469,7205.413861145392,7209.305291817277,425916,7282.80234375,7150.9541015625,7063.596321614584,7028.289770507812,6961.80521484375,6862.234000651041,1.2355910293142718,0.0162616591953933,-0.0210823097847641,0.0060835029333194,-0.0216107088704955,Information Technology,10.0,0.5
2024-10-14,7415.95556640625,7443.794862617232,7269.175009941895,7364.367677899079,328017,7331.26865234375,7202.326953125,7097.181412760417,7050.074926757812,6994.7230078125,6898.974169921875,1.2718874080784546,0.0069777599854242,-0.006956337325005,0.0037539728982589,-0.0197925345088717,Information Technology,10.0,0.5
2024-10-15,7453.72314453125,7568.523025327128,7419.846699582403,7478.319499634841,228260,7364.61708984375,7249.405322265625,7137.268587239583,7074.96513671875,7034.48193359375,6937.0876953125,1.2985633134085195,0.0050927460105187,0.0032998750593034,0.0154016829670022,-0.0045449024993237,Information Technology,10.0,0.5
2024-10-16,7188.60009765625,7423.837974329389,7141.203282631969,7423.837974329389,873649,7333.91396484375,7259.02392578125,7152.20341796875,7086.138891601562,7051.04634765625,6964.14111328125,1.1113022378942723,-0.0355692104112451,0.0327237394593469,0.0327237394593469,-0.0065933303258494,Information Technology,10.0,0.5
2024-10-16,7188.60009765625,7423.837974329389,7141.203282631969,7423.837974329389,873649,7333.91396484375,7259.02392578125,7152.20341796875,7086.138891601562,7051.04634765625,6964.14111328125,1.1113022378942723,-0.0355692104112451,0.0327237394593469,0.0327237394593469,-0.0065933303258494,Information Technology,10.0,0.5
2024-10-17,7241.4853515625,7264.185932601881,7143.4487763045145,7214.294545702142,349843,7332.86630859375,7280.52939453125,7176.714908854166,7106.814013671875,7068.36869140625,6995.495198567708,1.1486560237761827,0.007356822355926,-0.0037548658238313,0.0031347962382446,-0.013538185951979,Information Technology,10.0,0.5740000000000001
2024-10-18,7194.73681640625,7218.2359512884,7114.561262534217,7195.385306973067,291745,7298.9001953125,7290.85126953125,7200.269466145834,7122.422290039062,7082.41185546875,7017.987711588542,1.1156367103846827,-0.0064556555577597,9.013402204471888e-05,0.0032661562864348,-0.0111436395684699,Information Technology,10.0,0.611
2024-10-21,6810.42333984375,7221.029428169555,6726.007021081627,7194.736571485143,936927,7177.79375,7254.531201171875,7194.14921875,7117.334497070313,7075.61869140625,7025.234798177084,0.8441893360278088,-0.0534159186596158,0.0564301530850519,0.0602908318376615,-0.0123951646688765,Information Technology,10.0,0.6295
2024-10-22,6785.47802734375,6908.959209047921,6695.473771124481,6815.4128592720335,564282,7044.1447265625,7204.380908203125,7180.985123697917,7113.987622070313,7068.8010546875,7036.092399088541,0.8265700226454026,-0.0036628137863412,0.0044116025146134,0.0181978603727803,-0.0132642469486417,Information Technology,10.0,0.6387499999999999
2024-10-23,7541.3818359375,7632.08476171675,6919.934952469814,6933.8548434772765,3625134,7114.70107421875,7224.30751953125,7210.91630859375,7142.82783203125,7091.851328125,7061.65546875,1.3604781903850398,0.1114002293644825,-0.0805591078235994,0.0120273615303521,-0.0824049089394015,Information Technology,10.0,0.643375
2024-10-24,7682.3251953125,7766.192906228475,7498.924658068981,7518.631755237653,1517877,7202.86904296875,7267.86767578125,7254.642610677083,7183.253442382813,7126.02501953125,7090.785416666667,1.460028966427522,0.0186893280888327,-0.0213077988646883,0.0109169696392374,-0.0238730504867749,Information Technology,10.0,0.6456875
2024-10-25,7723.037109375,7770.783264045146,7602.249769452039,7668.805074412918,510982,7308.5291015625,7303.7146484375,7296.743880208333,7227.334375,7159.64365234375,7120.098063151042,1.4887845080654458,0.0052994260236915,-0.0070221124402276,0.0061823028937912,-0.0156398756360159,Information Technology,10.0,0.6468437499999999
2024-10-28,7688.61181640625,7772.080006618271,7571.616517808741,7698.739670184012,425352,7484.166796875,7330.9802734375,7331.076399739583,7266.65361328125,7190.70095703125,7143.710042317708,1.464469317582362,-0.0044574812319574,0.0013172538840042,0.0108560806820696,-0.0152166998921521,Information Technology,10.0,0.647421875
2024-10-29,7736.90673828125,7756.114922026137,7566.6772306097255,7723.186607034902,295403,7674.4525390625,7359.2986328125,7361.071451822917,7304.351977539062,7226.08060546875,7169.74296875,1.498580871137542,0.0062813578092142,-0.0017733354828308,0.0024826696759632,-0.022002269567145,Information Technology,10.0,0.6477109375000001
2024-10-30,7725.5810546875,7877.450624879818,7685.268913220406,7736.90649647919,525626,7711.2923828125,7412.996728515625,7386.635807291666,7336.010327148438,7256.5207421875,7195.09150390625,1.4905813414259677,-0.0014638516369483,0.00146596634111,0.0196580126617365,-0.0052180077047583,Information Technology,10.0,0.64785546875
2024-10-31,7607.53857421875,7733.164989310662,7403.881834927111,7733.164989310662,547690,7696.33505859375,7449.60205078125,7410.69013671875,7365.06572265625,7285.869765625,7221.076692708333,1.4072058593262555,-0.0152794307163637,0.0165134115149476,0.0165134115149476,-0.026770385362463,Information Technology,10.0,0.6479277343750001
2024-11-01,7536.29345703125,7618.4144817697,7452.675203523762,7603.447066284887,45540,7658.986328125,7483.75771484375,7422.138541666666,7387.3044921875,7313.664765625,7242.867431640625,1.3568841787823531,-0.0093650681481843,0.0089106945790418,0.01089673925341,-0.0110954083707386,Information Technology,10.0,0.6479638671875001
2024-11-04,7526.86376953125,7629.939175662825,7502.367294477207,7548.566521924092,522701,7626.63671875,7555.4017578125,7429.532421875,7404.966479492187,7338.650234375,7263.356917317708,1.3502238244909144,-0.0012512367722626,0.002883372551619,0.0136943366171744,-0.0032545394475193,Information Technology,10.0,0.64798193359375
2024-11-05,7530.10693359375,7577.204597145017,7453.773112561494,7515.438671134618,238725,7585.2767578125,7629.8646484375,7434.624674479167,7417.122778320312,7360.53693359375,7285.946630859375,1.3525145283643474,0.0004308785387651,-0.0019479487593586,0.0062545809729677,-0.0101371496720333,Information Technology,10.0,0.6479909667968751
2024-11-06,7812.4921875,7891.071120990724,7585.586259854708,7622.406005531962,851072,7602.658984375,7656.97568359375,7476.21748046875,7440.6416015625,7389.34005859375,7314.21044921875,1.5519682046069103,0.037500829190945,-0.0243310556229644,0.0100581135449262,-0.0290439877825851,Information Technology,10.0,0.6479954833984376
2024-11-07,7836.29052734375,7932.730480330318,7723.68557018828,7932.730480330318,567513,7648.409375,7672.372216796875,7515.871158854166,7470.119946289063,7421.734453125,7346.293033854166,1.568777391009688,0.0030461905461905,0.0123068373550025,0.0123068373550025,-0.0143696761576858,Information Technology,10.0,0.6479977416992189
2024-11-08,7936.52197265625,8012.556640270331,7834.743544598022,7862.882481361172,536986,7728.455078125,7693.720703125,7565.323502604167,7498.71767578125,7455.534609375,7382.796484375,1.6395726254142458,0.0127906749963844,-0.0092785594935399,0.009580351175999,-0.0128240592552866,Information Technology,10.0,0.6479988708496094
2024-11-11,8049.37646484375,8062.398409128871,7845.819606731374,7933.429174270907,468899,7832.9576171875,7729.79716796875,7647.920377604167,7530.388720703125,7490.56470703125,7421.034798177084,1.71928374005608,0.0142196408674124,-0.0144045058743681,0.0016177581384093,-0.0252885250182328,Information Technology,10.0,0.648
2024-11-11,8049.37646484375,8062.398409128871,7845.819606731374,7933.429174270907,468899,7832.9576171875,7729.79716796875,7647.920377604167,7530.388720703125,7490.56470703125,7421.034798177084,1.71928374005608,0.0142196408674124,-0.0144045058743681,0.0016177581384093,-0.0252885250182328,Information Technology,10.0,0.648
2024-11-12,8081.65625,8142.224588157667,8007.567540976016,8132.296007346359,390338,7943.26748046875,7764.272119140625,7734.332259114583,7561.785375976562,7522.35171875,7457.65869140625,1.7420835205994067,0.0040102218224274,0.0062660122850881,0.0074945452125196,-0.0091675155106955,Information Technology,10.0,0.7361500000000001
2024-11-13,8038.69970703125,8139.579697667116,7992.5998724293895,8081.655994603462,528790,7988.508984375,7795.583984375,7767.486783854167,7604.290356445313,7550.215078125,7489.201546223959,1.7117425580481778,-0.0053153142920116,0.0053436860608986,0.0125492920885736,-0.0057347377414208,Information Technology,10.0,0.7802250000000001
2024-11-14,8056.4609375,8137.833592432574,7972.64340978759,8042.491349547931,312854,8032.54306640625,7840.476220703125,7792.429166666667,7645.039135742188,7582.6045703125,7523.535888671875,1.7242876278157362,0.0022094655996684,-0.0017339608620262,0.0101002978310007,-0.0104037651721575,Information Technology,10.0,0.8022625000000001
2024-11-18,7989.20751953125,8074.322029149809,7888.277343108289,8057.458838127748,378011,8043.08017578125,7885.767626953125,7810.173860677083,7684.762670898437,7607.59017578125,7553.458870442709,1.6767853547041305,-0.0083477619379632,0.00854293976338,0.0106536861648016,-0.0126333151537517,Information Technology,10.0,0.8132812500000001
2024-11-19,8098.86865234375,8221.60146134249,7977.632584918164,7989.207483861345,344199,8052.97861328125,7942.968115234375,7837.52431640625,7749.184936523437,7634.90669921875,7584.300358072916,1.7542409434001272,0.0137261590144467,-0.0135403070712437,0.0151543152836812,-0.0149695065607097,Information Technology,10.0,0.8187906250000001
2024-11-21,8192.2646484375,8220.603344335092,8089.488884584853,8131.297766946247,330204,8075.10029296875,8009.18388671875,7867.881510416667,7819.524267578125,7664.448359375,7614.476481119792,1.8202081796830063,0.0115319805892545,-0.0074420058564491,0.0034592017120682,-0.012545464320693,Information Technology,10.0,0.8215453125000001
2024-11-22,8309.41015625,8326.123770193823,8197.403997133932,8221.102404964726,405537,8129.2423828125,8058.87568359375,7906.803450520833,7857.92568359375,7709.28076171875,7646.71962890625,1.902950114204354,0.0142995267901706,-0.0106274392074451,0.0020114079855897,-0.0134794356049233,Information Technology,10.0,0.82292265625
2024-11-25,8592.892578125,8621.231274405274,8341.091149371794,8347.87618280139,545369,8236.5287109375,8134.535888671875,7972.493717447916,7903.454052734375,7763.33705078125,7691.591927083334,2.1031787394989503,0.0341158297092575,-0.0285138436325097,0.0032979227917286,-0.029303453576764,Information Technology,10.0,0.823611328125
2024-11-26,8597.83203125,8661.14439339176,8569.892855787446,8591.296454735373,278339,8358.25361328125,8200.66689453125,8043.262955729167,7947.193798828125,7819.460859375,7732.700748697916,2.106667562200493,0.0005748300796374,-0.0007601423813435,0.0073637589001089,-0.0032495605125809,Information Technology,10.0,0.8243
2024-11-26,8597.83203125,8661.14439339176,8569.892855787446,8591.296454735373,278339,8358.25361328125,8200.66689453125,8043.262955729167,7947.193798828125,7819.460859375,7732.700748697916,2.106667562200493,0.0005748300796374,-0.0007601423813435,0.0073637589001089,-0.0032495605125809,Information Technology,10.0,0.8243
2024-11-27,8654.060546875,8725.5046228768,8523.64426710942,8606.264208623981,292985,8469.2919921875,8261.135302734376,8118.409407552083,7995.466235351562,7893.20634765625,7773.970914713542,2.146382752692671,0.0065398481175986,-0.0055229955917374,0.0082555553678902,-0.0150699523141971,Information Technology,10.0,0.7361500000000001
2024-11-28,8642.2353515625,8671.072961686641,8585.459540456091,8659.1487258588,387909,8559.2861328125,8317.193212890625,8192.551302083333,8040.732666015625,7967.476640625,7813.58798828125,2.1380304090602107,-0.0013664331614562,0.0019570601364429,0.0033368230499446,-0.0065695747450505,Information Technology,10.0,0.692075
2024-11-29,8666.9814453125,8688.984325922143,8522.446490958826,8606.264018794038,226945,8630.800390625,8380.02138671875,8249.517252604166,8087.802685546875,8012.500625,7862.867366536459,2.1555090107322346,0.0028633904011334,-0.0070056024582008,0.002538701709295,-0.0166765044168688,Information Technology,10.0,0.6700375000000001
2024-12-02,8691.7783203125,8753.992490344113,8624.724101060152,8667.181476658427,237197,8650.5775390625,8443.553125,8306.549772135417,8142.014672851563,8052.87875,7911.210465494792,2.17302348009514,0.002861073968655,-0.0028298977203078,0.0071578183127634,-0.0077146720476802,Information Technology,10.0,0.65901875
2024-12-03,8699.3115234375,8729.945029342218,8576.329256897348,8671.122890336004,251010,8670.8734375,8514.563525390626,8357.402408854166,8200.165576171876,8091.9297265625,7961.362955729167,2.1783443140848004,0.0008667044702917,-0.0032403291945058,0.0035213712972785,-0.0141370114415164,Information Technology,10.0,0.6535093750000001
2024-12-04,8746.8583984375,8755.93824091088,8659.348712526153,8699.311517814393,294681,8689.4330078125,8579.3625,8403.901204427084,8261.165307617188,8134.25958984375,8025.910791015625,2.21192750896276,0.0054655905667822,-0.0054358809137233,0.001038068991148,-0.0100046990502303,Information Technology,10.0,0.6507546875000001
2024-12-05,8798.64453125,8877.672676682585,8724.007217290755,8747.006949928395,368724,8720.71484375,8640.00048828125,8451.700423177082,8324.5921875,8176.7291015625,8093.016341145833,2.248504966266065,0.00592054089063,-0.0058688109444818,0.0089818545517894,-0.0084828195631903,Information Technology,10.0,0.6493773437500001
2024-12-06,8882.11328125,8900.622789584519,8736.529834859175,8750.948639535452,268255,8763.7412109375,8697.27080078125,8507.927994791668,8378.0732421875,8222.990390625,8137.707389322916,2.307460413863192,0.0094865464451422,-0.0147672786375551,0.0020839081588377,-0.0163906315739238,Information Technology,10.0,0.648688671875
2024-12-09,8899.2255859375,8965.481733880848,8876.774463064676,8922.076229660057,328013,8805.2306640625,8727.9041015625,8564.1123046875,8431.219995117188,8274.65787109375,8178.270735677083,2.3195471359270776,0.0019266028416484,0.0025677114825211,0.007445158829106,-0.0025228175930612,Information Technology,10.0,0.6483443359375001
2024-12-10,8988.98046875,9028.295269630044,8840.753359845328,8850.781333271605,396888,8863.164453125,8767.0189453125,8630.763834635416,8483.842919921875,8332.7653515625,8220.46884765625,2.3829425897974024,0.0100856958783391,-0.0153742836530618,0.0043736662924922,-0.016489868836625,Information Technology,10.0,0.64817216796875
2024-12-11,8976.658203125,9018.31751170461,8936.745093108608,8980.449753688325,240835,8909.1244140625,8799.2787109375,8689.283138020834,8530.207006835937,8390.75712890625,8263.403727213541,2.3742391566522723,-0.0013708190453676,0.0004223788494035,0.0046408482574402,-0.0044463216837751,Information Technology,10.0,0.648086083984375
2024-12-12,9175.9736328125,9330.686619438988,9010.833152059944,9038.323109707877,673281,8984.590234375,8852.6525390625,8754.863736979167,8584.922875976563,8456.591796875,8311.372623697916,2.5150191536001163,0.0222037449992373,-0.0150011899132312,0.0168606616384823,-0.0179970526682887,Information Technology,10.0,0.6480430419921874
2024-12-13,9280.5458984375,9306.689178833778,9072.449128336968,9150.030231323664,417065,9064.2767578125,8914.008984375,8819.606119791666,8647.015185546876,8515.3139453125,8363.20478515625,2.588880385811783,0.0113963127848426,-0.0140633609856731,0.0028169981251511,-0.0224229018829127,Information Technology,10.0,0.6480215209960938
2024-12-16,9264.53125,9334.628647505746,9219.928155915946,9268.82171431853,231615,9137.337890625,8971.28427734375,8864.38203125,8707.418701171875,8572.44357421875,8418.437874348958,2.577568957681573,-0.001725614916704,0.0004631064651576,0.0075662109192784,-0.0048143929660827,Information Technology,10.0,0.648010760498047
2024-12-17,9382.5244140625,9399.537181907981,9259.841300223574,9269.819577486745,294522,9216.0466796875,9039.60556640625,8916.694856770833,8777.084545898437,8630.283671875,8479.97890625,2.660909606735333,0.0127360101529691,-0.0120122081864059,0.001813239922934,-0.0130757041948166,Information Technology,10.0,0.6480053802490235
2024-12-18,9450.775390625,9487.346167131094,9349.64593879032,9387.563392971113,433390,9310.8701171875,9109.997265625,8969.8091796875,8844.6798828125,8686.33962890625,8544.109293619791,2.7091164730437804,0.0072742658106176,-0.0066885514723576,0.0038696059312097,-0.0107006512857134,Information Technology,10.0,0.6480026901245117
2024-12-19,9636.12109375,9651.337965546272,9168.240289216485,9168.240289216485,654193,9402.899609375,9193.744921875,9036.068229166667,8916.872705078125,8748.51822265625,8614.309765625,2.8400294061826936,0.019611692740985,-0.0485548904981054,0.0015791490837679,-0.0485548904981054,Information Technology,10.0,0.6480013450622559
2024-12-20,9350.0947265625,9775.817328291107,9325.797037506234,9718.84175664002,553210,9416.809375,9240.54306640625,9081.609114583332,8968.90693359375,8800.9740234375,8665.56318359375,2.638003947527576,-0.0296827286005171,0.0394377854836009,0.0455313677752569,-0.0025986569940558,Information Technology,10.0,0.648
2024-12-20,9350.0947265625,9775.817328291107,9325.797037506234,9718.84175664002,553210,9416.809375,9240.54306640625,9081.609114583332,8968.90693359375,8800.9740234375,8665.56318359375,2.638003947527576,-0.0296827286005171,0.0394377854836009,0.0455313677752569,-0.0025986569940558,Information Technology,10.0,0.648
2024-12-23,9385.916015625,9504.308659729724,9360.870930613068,9429.072062820098,311668,9441.086328125,9289.212109375,9127.8849609375,9008.55810546875,8854.1522265625,8717.217366536459,2.6633051546282664,0.003831115096699,0.0045979579535182,0.01261386143959,-0.0026683687527396,Information Technology,10.0,0.648
2024-12-24,9373.2939453125,9449.428001375174,9295.014169990505,9385.915880628569,241066,9439.240234375,9327.64345703125,9172.817122395832,9047.331201171875,8909.51568359375,8765.109765625,2.6543899641542765,-0.0013447883287563,0.0013465848174303,0.0081224440956264,-0.0083513624749964,Information Technology,10.0,0.648
2024-12-26,9472.6279296875,9553.202517454836,9301.350413096643,9384.569634077996,298918,9443.6107421875,9377.2404296875,9221.2017578125,9088.2595703125,8964.4660546875,8812.551481119792,2.7245513060988267,0.0105975535339608,-0.0092960787928264,0.0085060437679402,-0.0180813094172176,Information Technology,10.0,0.648
2024-12-27,9430.5693359375,9529.25488890905,9339.71731536655,9507.352375192384,219496,9402.500390625,9402.7,9263.330078125,9127.67626953125,9013.9982421875,8857.515250651042,2.6948445808892485,-0.0044400132742664,0.0081419304094698,0.0104644321520954,-0.0096337789728915,Information Technology,10.0,0.648
2024-12-30,9796.623046875,10005.018980428506,9367.107901652158,9369.701863997592,1374399,9491.8060546875,9454.30771484375,9324.297395833331,9184.158349609375,9073.4867578125,8916.1126953125,2.9533947613209643,0.0388156534242914,-0.0435784025612366,0.0212722213109937,-0.0438431838366846,Information Technology,10.0,0.648
2024-12-31,9641.958984375,9685.913097920224,9459.406219046432,9678.978000793362,361333,9543.0146484375,9492.05048828125,9373.812955729169,9231.6673828125,9115.4494140625,8968.962630208332,2.8441528111075303,-0.0157874873576294,0.0038393667177336,0.0045586289691184,-0.0189331613652784,Information Technology,10.0,0.648
2025-01-01,9607.6337890625,9723.78132412374,9521.970670052873,9668.950496646174,159715,9589.8826171875,9514.56142578125,9415.056510416667,9277.08349609375,9155.841484375,9022.910172526044,2.819908321361281,-0.0035599814693388,0.006382082095331,0.0120890884905984,-0.0089161515613914,Information Technology,10.0,0.648
2025-01-02,9675.5869140625,9736.25464682728,9579.146471528406,9598.105198919971,371680,9630.4744140625,9537.042578125,9461.6517578125,9323.519921875,9196.7025390625,9075.467447916666,2.867904809867441,0.0070728263058235,-0.0080079602230555,0.0062701863260206,-0.0099673997443946,Information Technology,10.0,0.648
2025-01-03,9648.6455078125,9723.831439117357,9510.345996779237,9708.864022843703,300242,9674.0896484375,9538.29501953125,9493.163216145833,9366.019970703124,9236.9589453125,9124.0134765625,2.848875620328065,-0.0027844725585425,0.006241136642697,0.0077923819715397,-0.0143335674340281,Information Technology,10.0,0.648
2025-01-06,9610.8271484375,9730.815931846497,9579.146118306642,9648.645208826852,331134,9636.93046875,9564.36826171875,9515.181966145834,9402.4556640625,9274.7127734375,9167.39404296875,2.822163847307118,-0.003919551127086,0.0039349433514159,0.0124847509538763,-0.0032963895449944,Information Technology,10.0,0.648
2025-01-07,9599.302734375,9756.759758747387,9544.471904516102,9619.059528975742,606669,9628.39921875,9585.70693359375,9537.500065104166,9437.459521484376,9311.01375,9200.941048177085,2.814023950766804,-0.0011991074113088,0.0020581489247122,0.0164029647495682,-0.0057119596470844,Information Technology,10.0,0.648
2025-01-08,9537.2373046875,9596.15883639917,9352.63917732119,9596.15883639917,243895,9614.319921875,9602.10126953125,9547.8142578125,9464.87236328125,9344.53078125,9232.254557291666,2.770186045113076,-0.0064656185355259,0.0061780502916406,0.0061780502916406,-0.0193555137057961,Information Technology,10.0,0.648
2025-01-09,9262.8349609375,9588.974569758733,9232.450911200562,9544.521538587527,249932,9531.76953125,9581.12197265625,9535.284895833332,9479.181201171876,9365.16984375,9252.547037760416,2.5763708388534634,-0.0287716804126424,0.030410406623667,0.0352094807039748,-0.0032802106336852,Information Technology,10.0,0.648
